8.096104431152343750e+01 -7.715523529052734375e+01
1.723059539794921875e+02 5.859128570556640625e+01
1.744501190185546875e+02 1.006767730712890625e+02
1.660825500488281250e+02 9.036909484863281250e+01
1.714717254638671875e+02 7.046907043457031250e+01
1.637302093505859375e+02 1.099222183227539062e+02
1.646343536376953125e+02 1.012626800537109375e+02
1.908336029052734375e+02 8.387570953369140625e+01
1.805370483398437500e+02 7.904703521728515625e+01
1.820537414550781250e+02 8.218946838378906250e+01
1.707241210937500000e+02 1.047094497680664062e+02
1.644341125488281250e+02 1.011434783935546875e+02
1.764883270263671875e+02 8.372492980957031250e+01
1.970186004638671875e+02 1.623934745788574219e+01
1.796401977539062500e+02 8.358491516113281250e+01
1.742407989501953125e+02 8.197423553466796875e+01
1.817048950195312500e+02 -1.122831420898437500e+02
1.955765686035156250e+02 -1.094636459350585938e+02
1.826333007812500000e+02 -1.065135650634765625e+02
1.856323547363281250e+02 -9.882114410400390625e+01
1.972552185058593750e+02 -1.132653274536132812e+02
1.885669860839843750e+02 -1.124759902954101562e+02
1.984481353759765625e+02 -1.125842056274414062e+02
1.901176452636718750e+02 -1.071671524047851562e+02
1.845710449218750000e+02 -1.191110610961914062e+02
1.957187652587890625e+02 -1.189305419921875000e+02
1.870895385742187500e+02 -1.164486312866210938e+02
1.805788421630859375e+02 -9.196148681640625000e+01
1.878239440917968750e+02 -1.132835769653320312e+02
1.851783447265625000e+02 -1.225503921508789062e+02
1.851977844238281250e+02 -1.271467361450195312e+02
1.867254943847656250e+02 -9.196684265136718750e+01
1.796022338867187500e+02 -1.022959899902343750e+02
9.683277130126953125e+01 -8.247291564941406250e+01
1.869689331054687500e+02 -1.040034484863281250e+02
1.807742156982421875e+02 -1.038009490966796875e+02
1.729467315673828125e+02 -1.134489288330078125e+02
1.809708404541015625e+02 -1.215796585083007812e+02
1.945494995117187500e+02 7.469052124023437500e+01
1.751411285400390625e+02 9.149876403808593750e+01
1.862334899902343750e+02 8.179515075683593750e+01
1.998577575683593750e+02 7.000810241699218750e+01
1.777828826904296875e+02 8.020933532714843750e+01
1.731423950195312500e+02 8.905550384521484375e+01
1.804404754638671875e+02 8.022194671630859375e+01
1.752022399902343750e+02 5.951047897338867188e+01
1.739600982666015625e+02 5.453649139404296875e+01
1.821874237060546875e+02 7.303314971923828125e+01
1.797071533203125000e+02 6.954878234863281250e+01
1.775739746093750000e+02 1.070149383544921875e+02
1.574825286865234375e+02 8.515440368652343750e+01
1.851126708984375000e+02 9.270220184326171875e+01
1.902142028808593750e+02 9.210665893554687500e+01
2.035410461425781250e+02 1.616681480407714844e+01
1.790544128417968750e+02 5.262650680541992188e+01
1.940444335937500000e+02 7.059034729003906250e+01
1.726099548339843750e+02 9.508544921875000000e+01
1.917523803710937500e+02 5.797029113769531250e+01
1.834772186279296875e+02 3.850025939941406250e+01
1.728527679443359375e+02 9.527454376220703125e+01
1.860520477294921875e+02 8.051806640625000000e+01
1.768487091064453125e+02 5.659151840209960938e+01
1.762537536621093750e+02 6.769064331054687500e+01
1.881875152587890625e+02 6.948888397216796875e+01
1.872852172851562500e+02 5.083163833618164062e+01
1.779206542968750000e+02 6.950670623779296875e+01
1.796819305419921875e+02 6.498560333251953125e+01
1.660826416015625000e+02 7.939323425292968750e+01
1.835182189941406250e+02 6.041869735717773438e+01
1.926389770507812500e+02 4.864307785034179688e+01
1.876134643554687500e+02 6.002220535278320312e+01
1.836111602783203125e+02 5.758674240112304688e+01
1.707353057861328125e+02 5.060989761352539062e+01
1.774296417236328125e+02 6.507957458496093750e+01
1.894157257080078125e+02 7.009563446044921875e+01
1.780158081054687500e+02 6.051142501831054688e+01
1.686925659179687500e+02 8.201769256591796875e+01
1.718630676269531250e+02 8.144482421875000000e+01
1.928620758056640625e+02 6.025874328613281250e+01
1.647730560302734375e+02 8.062339782714843750e+01
1.731821136474609375e+02 6.070483398437500000e+01
1.826377258300781250e+02 6.799812316894531250e+01
1.764403228759765625e+02 7.886918640136718750e+01
1.828573913574218750e+02 5.823309707641601562e+01
1.658757324218750000e+02 9.238542938232421875e+01
1.789252319335937500e+02 5.494469833374023438e+01
1.782418975830078125e+02 7.173446655273437500e+01
1.877212066650390625e+02 6.391241455078125000e+01
1.983787078857421875e+02 2.780250549316406250e+01
1.739563903808593750e+02 7.227049255371093750e+01
1.871068572998046875e+02 4.746746826171875000e+01
1.772895050048828125e+02 6.648234558105468750e+01
1.759047088623046875e+02 8.255815887451171875e+01
1.956380462646484375e+02 5.108568954467773438e+01
1.821570587158203125e+02 4.187109756469726562e+01
1.895848236083984375e+02 7.558528137207031250e+01
1.900549468994140625e+02 3.364526748657226562e+01
1.769274597167968750e+02 7.870223999023437500e+01
1.764657440185546875e+02 5.780873489379882812e+01
1.856149444580078125e+02 6.657177734375000000e+01
1.772954559326171875e+02 6.730024719238281250e+01
1.900644683837890625e+02 6.804756164550781250e+01
1.815222473144531250e+02 5.132943344116210938e+01
1.651508331298828125e+02 6.866403961181640625e+01
1.886470489501953125e+02 5.045957565307617188e+01
1.736883544921875000e+02 7.172736358642578125e+01
1.781598358154296875e+02 5.116068267822265625e+01
1.636304016113281250e+02 5.875677871704101562e+01
1.866833648681640625e+02 4.798496627807617188e+01
1.990526123046875000e+02 5.592404174804687500e+01
1.799238281250000000e+02 7.230825042724609375e+01
1.771156921386718750e+02 5.445835876464843750e+01
1.654555816650390625e+02 7.393040466308593750e+01
1.779531707763671875e+02 3.651961135864257812e+01
1.897302246093750000e+02 6.191269302368164062e+01
1.829563903808593750e+02 5.639822006225585938e+01
1.655798645019531250e+02 5.449285125732421875e+01
1.986089630126953125e+02 6.124007415771484375e+01
1.449894561767578125e+02 8.926158905029296875e+01
1.872852172851562500e+02 7.989790344238281250e+01
1.944551239013671875e+02 4.117098999023437500e+01
1.742509155273437500e+02 5.655097579956054688e+01
1.830213775634765625e+02 7.101897430419921875e+01
1.783217468261718750e+02 7.908733367919921875e+01
1.678411254882812500e+02 9.404357910156250000e+01
1.745843200683593750e+02 7.991739654541015625e+01
1.877039337158203125e+02 6.193374633789062500e+01
1.736109313964843750e+02 6.211566543579101562e+01
1.911204833984375000e+02 5.824238586425781250e+01
1.978315734863281250e+02 7.922377014160156250e+01
1.798853607177734375e+02 4.929128646850585938e+01
1.881826019287109375e+02 6.235529708862304688e+01
1.768979492187500000e+02 7.067005157470703125e+01
1.812780914306640625e+02 5.816539001464843750e+01
1.861996154785156250e+02 7.779880523681640625e+01
1.709023284912109375e+02 8.624642181396484375e+01
1.835158843994140625e+02 4.250962829589843750e+01
1.742400512695312500e+02 8.925349426269531250e+01
1.918435211181640625e+02 5.263269042968750000e+01
1.816486511230468750e+02 6.852971649169921875e+01
1.659436645507812500e+02 5.433049392700195312e+01
1.864976501464843750e+02 4.897079467773437500e+01
1.755958251953125000e+02 7.227214050292968750e+01
1.529112548828125000e+02 9.898626708984375000e+01
1.901125946044921875e+02 7.540431213378906250e+01
1.733491821289062500e+02 5.491512298583984375e+01
1.706731872558593750e+02 1.090135955810546875e+02
1.723535156250000000e+02 6.290911102294921875e+01
1.922335357666015625e+02 7.454051971435546875e+01
1.864347839355468750e+02 6.493509674072265625e+01
1.782105407714843750e+02 6.290306091308593750e+01
1.721833190917968750e+02 7.898460388183593750e+01
1.875117797851562500e+02 5.353379058837890625e+01
1.549429779052734375e+02 7.662969207763671875e+01
1.731006011962890625e+02 6.855190277099609375e+01
1.775963897705078125e+02 5.929064559936523438e+01
1.754838104248046875e+02 6.364320755004882812e+01
1.926993865966796875e+02 2.942446327209472656e+01
1.647521514892578125e+02 6.599955749511718750e+01
1.797514953613281250e+02 5.460152053833007812e+01
1.744711303710937500e+02 6.978600311279296875e+01
1.636856536865234375e+02 6.756782531738281250e+01
1.810810699462890625e+02 5.969026565551757812e+01
1.740426483154296875e+02 7.625868988037109375e+01
1.770801086425781250e+02 9.193992614746093750e+01
1.822727966308593750e+02 7.923281097412109375e+01
1.812892303466796875e+02 2.704257011413574219e+01
1.872475738525390625e+02 7.415259552001953125e+01
1.918252716064453125e+02 6.467630767822265625e+01
1.368698577880859375e+02 8.864745330810546875e+01
1.783101654052734375e+02 6.381017684936523438e+01
1.750319061279296875e+02 7.829291534423828125e+01
1.624189758300781250e+02 7.596216583251953125e+01
1.981668548583984375e+02 6.604074859619140625e+01
1.506390228271484375e+02 8.418318939208984375e+01
1.809001464843750000e+02 5.482273864746093750e+01
1.765590515136718750e+02 8.096556091308593750e+01
1.920982360839843750e+02 3.828217697143554688e+01
1.857904968261718750e+02 7.981394958496093750e+01
1.551930389404296875e+02 7.542700958251953125e+01
1.844663696289062500e+02 8.439520263671875000e+01
1.856012573242187500e+02 6.520322418212890625e+01
1.761746673583984375e+02 8.301542663574218750e+01
2.063989257812500000e+02 5.583166885375976562e+01
1.892700195312500000e+02 6.845740509033203125e+01
1.706446228027343750e+02 6.349309539794921875e+01
1.717437286376953125e+02 7.303063201904296875e+01
1.526226501464843750e+02 1.001404418945312500e+02
2.062553405761718750e+02 6.293632507324218750e+01
1.839564361572265625e+02 7.959221649169921875e+01
1.927171173095703125e+02 6.955323028564453125e+01
1.895282287597656250e+02 6.496391296386718750e+01
1.681713256835937500e+02 8.500978851318359375e+01
1.799121246337890625e+02 7.236905670166015625e+01
1.802342681884765625e+02 7.609627532958984375e+01
1.721584930419921875e+02 7.065595245361328125e+01
1.910662078857421875e+02 4.451159286499023438e+01
1.869175872802734375e+02 5.534613418579101562e+01
2.233229064941406250e+02 4.906894683837890625e+01
1.915716400146484375e+02 8.197789001464843750e+01
1.870211944580078125e+02 6.529575347900390625e+01
1.787114105224609375e+02 7.002536773681640625e+01
1.735550384521484375e+02 8.513529968261718750e+01
1.714588317871093750e+02 8.023830413818359375e+01
1.755976715087890625e+02 6.047852325439453125e+01
1.832379608154296875e+02 5.506967926025390625e+01
1.604105072021484375e+02 1.016492691040039062e+02
1.780077667236328125e+02 8.622013092041015625e+01
1.772115478515625000e+02 5.408662796020507812e+01
1.849508361816406250e+02 6.552715301513671875e+01
1.909608459472656250e+02 6.069874572753906250e+01
1.727125244140625000e+02 7.435615539550781250e+01
1.695273590087890625e+02 8.047406768798828125e+01
1.811888275146484375e+02 6.259632110595703125e+01
1.680555572509765625e+02 7.741674804687500000e+01
1.647579803466796875e+02 6.272914886474609375e+01
1.676389465332031250e+02 8.417077636718750000e+01
1.807352294921875000e+02 7.005654144287109375e+01
1.663545379638671875e+02 5.417042541503906250e+01
1.867296600341796875e+02 7.044317626953125000e+01
1.765484313964843750e+02 3.727019119262695312e+01
1.831499481201171875e+02 6.948879241943359375e+01
1.654926757812500000e+02 7.492431640625000000e+01
1.794406433105468750e+02 6.996569061279296875e+01
1.692797393798828125e+02 5.954584884643554688e+01
1.799330749511718750e+02 6.655500793457031250e+01
1.622900085449218750e+02 1.046330490112304688e+02
1.799342193603515625e+02 7.274868774414062500e+01
1.588736724853515625e+02 7.505241394042968750e+01
1.730555877685546875e+02 8.189667510986328125e+01
1.889448089599609375e+02 4.485992813110351562e+01
1.712509918212890625e+02 7.425065612792968750e+01
1.867897338867187500e+02 5.946960067749023438e+01
1.962885589599609375e+02 1.029504966735839844e+01
1.692298583984375000e+02 6.575942230224609375e+01
1.540674743652343750e+02 -1.036962585449218750e+02
9.044026947021484375e+01 -8.478159332275390625e+01
8.290671539306640625e+01 -7.606972503662109375e+01
8.198809051513671875e+01 -6.832003021240234375e+01
8.568104553222656250e+01 -7.656852722167968750e+01
1.011241607666015625e+02 -8.012260437011718750e+01
1.070519866943359375e+02 -6.618843078613281250e+01
7.778470611572265625e+01 -9.417839813232421875e+01
8.915090179443359375e+01 -8.908695983886718750e+01
9.575729370117187500e+01 -1.095991058349609375e+02
1.104859237670898438e+02 -8.588049316406250000e+01
1.722512359619140625e+02 8.489026641845703125e+01
1.951740264892578125e+02 4.026868438720703125e+01
1.784004211425781250e+02 6.709036254882812500e+01
1.750359497070312500e+02 7.730711364746093750e+01
1.889627380371093750e+02 5.993089675903320312e+01
1.763694305419921875e+02 5.775551986694335938e+01
1.698276824951171875e+02 1.042257156372070312e+02
1.782976531982421875e+02 6.785392761230468750e+01
1.818889617919921875e+02 7.888498687744140625e+01
1.767018432617187500e+02 8.616432189941406250e+01
1.862296142578125000e+02 4.350848770141601562e+01
1.816996154785156250e+02 7.540009307861328125e+01
1.915434722900390625e+02 3.313061141967773438e+01
1.711423797607421875e+02 5.279158401489257812e+01
1.761271667480468750e+02 9.641969299316406250e+01
1.637834930419921875e+02 7.967713165283203125e+01
1.783691406250000000e+02 8.671723175048828125e+01
1.676433105468750000e+02 5.925777816772460938e+01
1.680898437500000000e+02 9.476248931884765625e+01
1.830900421142578125e+02 5.080583190917968750e+01
1.640355682373046875e+02 7.227884674072265625e+01
1.776494750976562500e+02 8.724348449707031250e+01
1.865046844482421875e+02 5.554490280151367188e+01
1.817275085449218750e+02 4.094289779663085938e+01
1.703928680419921875e+02 7.996415710449218750e+01
1.622347106933593750e+02 6.336010742187500000e+01
1.633921661376953125e+02 8.651074981689453125e+01
1.837771148681640625e+02 5.729515075683593750e+01
1.774326782226562500e+02 7.845577239990234375e+01
1.602929229736328125e+02 7.486633300781250000e+01
1.861698303222656250e+02 8.232094573974609375e+01
1.372686920166015625e+02 9.515384674072265625e+01
1.649067840576171875e+02 6.380933761596679688e+01
1.741591033935546875e+02 8.881386566162109375e+01
1.851728668212890625e+02 5.801613616943359375e+01
1.732521514892578125e+02 8.957810211181640625e+01
1.789445037841796875e+02 7.093406677246093750e+01
1.574358367919921875e+02 1.026055374145507812e+02
1.602585754394531250e+02 1.150932159423828125e+02
1.841848144531250000e+02 5.663827133178710938e+01
1.680479583740234375e+02 7.754409027099609375e+01
1.939313812255859375e+02 6.339434051513671875e+01
1.949367675781250000e+02 7.371710968017578125e+01
1.709924316406250000e+02 6.832378387451171875e+01
1.756989746093750000e+02 8.181707000732421875e+01
1.719842224121093750e+02 6.495565795898437500e+01
1.740625610351562500e+02 6.642493438720703125e+01
1.815126953125000000e+02 8.380792999267578125e+01
1.789767150878906250e+02 7.607527923583984375e+01
1.622950744628906250e+02 5.946950149536132812e+01
1.741160888671875000e+02 7.449201965332031250e+01
1.934008789062500000e+02 6.795462036132812500e+01
1.821560974121093750e+02 9.723901367187500000e+01
1.692490234375000000e+02 8.923462677001953125e+01
1.664222717285156250e+02 7.105032348632812500e+01
1.819643096923828125e+02 5.684341049194335938e+01
1.552923431396484375e+02 9.045516204833984375e+01
1.740610504150390625e+02 8.880061340332031250e+01
1.705392303466796875e+02 7.343273162841796875e+01
1.920643615722656250e+02 4.912237548828125000e+01
8.541327667236328125e+01 -7.036631774902343750e+01
9.361089324951171875e+01 -7.508827972412109375e+01
8.307180023193359375e+01 -7.589118957519531250e+01
1.079772033691406250e+02 -9.884568023681640625e+01
9.252158355712890625e+01 -8.539292144775390625e+01
9.424108123779296875e+01 -7.204024505615234375e+01
7.919836425781250000e+01 -6.504788970947265625e+01
7.351820373535156250e+01 -7.659134674072265625e+01
8.965521240234375000e+01 -7.336638641357421875e+01
7.967986297607421875e+01 -9.556424713134765625e+01
7.530219268798828125e+01 -8.827597045898437500e+01
1.942515869140625000e+02 7.584817504882812500e+01
1.898596038818359375e+02 5.372536087036132812e+01
1.672554168701171875e+02 9.013506317138671875e+01
1.745210113525390625e+02 4.796635055541992188e+01
1.908408050537109375e+02 6.635427856445312500e+01
1.814887390136718750e+02 8.966134643554687500e+01
2.048651275634765625e+02 3.094787597656250000e+01
1.892457885742187500e+02 4.783007049560546875e+01
1.859815063476562500e+02 8.075273132324218750e+01
1.897323913574218750e+02 4.677914810180664062e+01
1.809573364257812500e+02 6.768326568603515625e+01
1.851120300292968750e+02 7.496119689941406250e+01
1.897812652587890625e+02 5.071301651000976562e+01
1.854876403808593750e+02 6.536713409423828125e+01
1.699842376708984375e+02 7.808026885986328125e+01
1.659273529052734375e+02 8.886783599853515625e+01
1.702864532470703125e+02 6.891646575927734375e+01
1.798028259277343750e+02 6.520729827880859375e+01
1.740171966552734375e+02 7.990126037597656250e+01
1.435286102294921875e+02 7.247544097900390625e+01
1.612290954589843750e+02 9.178916931152343750e+01
8.584806060791015625e+01 -8.788262176513671875e+01
8.411646270751953125e+01 -9.160218048095703125e+01
8.782997131347656250e+01 -8.002489471435546875e+01
7.454329681396484375e+01 -7.470475006103515625e+01
8.346969604492187500e+01 -8.598904418945312500e+01
9.050646972656250000e+01 -8.025609588623046875e+01
8.800070190429687500e+01 -8.456291198730468750e+01
7.327805328369140625e+01 -7.902388000488281250e+01
1.691327362060546875e+02 9.072949218750000000e+01
1.752258148193359375e+02 9.893025970458984375e+01
1.834384613037109375e+02 7.018187713623046875e+01
1.786141815185546875e+02 8.014900207519531250e+01
1.713890075683593750e+02 6.635301971435546875e+01
1.635420532226562500e+02 9.406609344482421875e+01
2.048437347412109375e+02 6.588475036621093750e+01
1.794880676269531250e+02 7.264302062988281250e+01
1.950430755615234375e+02 4.942248153686523438e+01
1.834807434082031250e+02 6.317447662353515625e+01
1.660176391601562500e+02 8.099844360351562500e+01
1.654473724365234375e+02 6.806938171386718750e+01
1.835954284667968750e+02 5.427194976806640625e+01
1.831746520996093750e+02 7.552014160156250000e+01
1.808462066650390625e+02 7.903957366943359375e+01
1.812575683593750000e+02 6.947501373291015625e+01
1.705930938720703125e+02 5.212717819213867188e+01
1.890280609130859375e+02 3.281392288208007812e+01
1.816606903076171875e+02 6.803437042236328125e+01
1.778216705322265625e+02 6.132263946533203125e+01
1.796301727294921875e+02 7.678938293457031250e+01
1.857465057373046875e+02 5.019969940185546875e+01
1.582580566406250000e+02 1.043078002929687500e+02
1.696183013916015625e+02 7.469568634033203125e+01
1.645356140136718750e+02 5.962631988525390625e+01
1.924539489746093750e+02 6.814501190185546875e+01
1.931222229003906250e+02 7.027420043945312500e+01
2.026495513916015625e+02 2.942300987243652344e+01
1.879915313720703125e+02 7.323327636718750000e+01
1.852460937500000000e+02 6.470085906982421875e+01
1.648600158691406250e+02 7.401971435546875000e+01
2.014250030517578125e+02 7.474414062500000000e+01
1.720477142333984375e+02 3.126966476440429688e+01
1.818942413330078125e+02 4.985163879394531250e+01
1.800052642822265625e+02 7.341436767578125000e+01
1.755177459716796875e+02 6.686883544921875000e+01
1.945197448730468750e+02 4.453203201293945312e+01
1.929638366699218750e+02 2.078696250915527344e+01
1.963852233886718750e+02 7.589963531494140625e+01
1.747661285400390625e+02 5.918915176391601562e+01
1.718029937744140625e+02 6.821187591552734375e+01
1.898771514892578125e+02 9.102165222167968750e+01
1.885213623046875000e+02 5.084315109252929688e+01
1.677724304199218750e+02 5.318174362182617188e+01
1.790579071044921875e+02 6.648875427246093750e+01
2.106768798828125000e+02 7.104751586914062500e+01
1.641618041992187500e+02 9.243685913085937500e+01
1.844372253417968750e+02 6.212984085083007812e+01
1.533048553466796875e+02 8.687587738037109375e+01
1.819088134765625000e+02 9.369039916992187500e+01
2.011008300781250000e+02 2.046028137207031250e+01
1.929344482421875000e+02 7.697962951660156250e+01
1.880631256103515625e+02 5.146113967895507812e+01
1.992021331787109375e+02 7.804744720458984375e+01
1.811528015136718750e+02 6.478121185302734375e+01
1.865858459472656250e+02 6.250321197509765625e+01
1.734832000732421875e+02 6.599145507812500000e+01
8.591844177246093750e+01 -9.406494140625000000e+01
9.328391265869140625e+01 -9.769770050048828125e+01
8.228674316406250000e+01 -9.156575775146484375e+01
7.223582458496093750e+01 -6.478985595703125000e+01
8.643280792236328125e+01 -9.205252075195312500e+01
8.510137939453125000e+01 -7.384279632568359375e+01
7.952602386474609375e+01 -8.415446472167968750e+01
8.785942077636718750e+01 -9.820166778564453125e+01
7.262355804443359375e+01 -8.341642761230468750e+01
8.753412628173828125e+01 -8.626410675048828125e+01
8.498810577392578125e+01 -8.388575744628906250e+01
8.967302703857421875e+01 -7.267079162597656250e+01
7.766983795166015625e+01 -7.754086303710937500e+01
9.569543457031250000e+01 -8.832733154296875000e+01
7.620314788818359375e+01 -6.876325225830078125e+01
8.580955505371093750e+01 -9.330797576904296875e+01
7.787491607666015625e+01 -6.815852355957031250e+01
1.553554077148437500e+02 -1.181165924072265625e+02
1.801262664794921875e+02 6.302323150634765625e+01
1.839226226806640625e+02 6.665786743164062500e+01
1.957118835449218750e+02 4.466735839843750000e+01
1.744052581787109375e+02 7.435748291015625000e+01
1.781240234375000000e+02 9.332242584228515625e+01
1.683118591308593750e+02 5.590019989013671875e+01
1.691371917724609375e+02 9.130940246582031250e+01
1.587736206054687500e+02 9.410449218750000000e+01
1.594002838134765625e+02 6.978686523437500000e+01
1.809992980957031250e+02 7.208907318115234375e+01
1.711943206787109375e+02 5.837433242797851562e+01
1.651697387695312500e+02 7.951838684082031250e+01
1.696574401855468750e+02 7.618701171875000000e+01
1.616579742431640625e+02 9.501956176757812500e+01
1.689203948974609375e+02 7.316828155517578125e+01
1.711998443603515625e+02 9.757296752929687500e+01
1.786421051025390625e+02 5.970487976074218750e+01
1.883598327636718750e+02 4.778528594970703125e+01
1.736833496093750000e+02 6.422736358642578125e+01
1.614102935791015625e+02 9.202073669433593750e+01
1.782006988525390625e+02 4.990010070800781250e+01
1.650141448974609375e+02 6.496357727050781250e+01
1.768593139648437500e+02 7.917876434326171875e+01
1.861974029541015625e+02 6.508146667480468750e+01
1.776239471435546875e+02 4.743270874023437500e+01
1.835763854980468750e+02 6.515450286865234375e+01
2.001809082031250000e+02 4.410442352294921875e+01
1.675885620117187500e+02 6.146113586425781250e+01
1.879120635986328125e+02 7.065579223632812500e+01
1.792163085937500000e+02 5.935231399536132812e+01
1.743714141845703125e+02 6.909289550781250000e+01
1.838817138671875000e+02 4.259885787963867188e+01
1.778836364746093750e+02 5.675581741333007812e+01
1.927461853027343750e+02 7.178594207763671875e+01
1.699267425537109375e+02 7.284621429443359375e+01
1.906152038574218750e+02 6.097992324829101562e+01
1.827088775634765625e+02 6.148624420166015625e+01
1.973684387207031250e+02 7.208345031738281250e+01
1.722227783203125000e+02 6.612924957275390625e+01
1.684104461669921875e+02 7.586379241943359375e+01
1.828271789550781250e+02 3.987436294555664062e+01
1.832564239501953125e+02 6.689427947998046875e+01
1.630504302978515625e+02 8.535719299316406250e+01
1.793560180664062500e+02 6.841537475585937500e+01
1.834240417480468750e+02 7.544314575195312500e+01
1.777830657958984375e+02 1.024320068359375000e+02
1.837985229492187500e+02 1.047562408447265625e+02
1.892408752441406250e+02 9.553588104248046875e+01
1.695507965087890625e+02 5.569809341430664062e+01
1.789760742187500000e+02 1.129238357543945312e+02
1.785218658447265625e+02 4.924560165405273438e+01
1.691111907958984375e+02 9.516944885253906250e+01
1.789842987060546875e+02 9.503588867187500000e+01
1.860617218017578125e+02 5.947750473022460938e+01
2.047622070312500000e+02 4.840864562988281250e+01
1.771235961914062500e+02 9.145738983154296875e+01
1.709922790527343750e+02 1.129307479858398438e+02
1.585583648681640625e+02 9.825189971923828125e+01
1.972943267822265625e+02 8.015534973144531250e+01
1.925768737792968750e+02 6.176882934570312500e+01
1.664837188720703125e+02 8.328609466552734375e+01
1.741911773681640625e+02 9.392427062988281250e+01
1.679250488281250000e+02 7.814566802978515625e+01
1.650589752197265625e+02 5.456277465820312500e+01
1.769551849365234375e+02 9.064379882812500000e+01
1.789232025146484375e+02 6.233500289916992188e+01
1.713554382324218750e+02 8.293170928955078125e+01
1.690248413085937500e+02 9.129360198974609375e+01
1.699673156738281250e+02 6.623290252685546875e+01
1.760672912597656250e+02 1.052094650268554688e+02
1.595682373046875000e+02 1.106750946044921875e+02
1.750301361083984375e+02 7.770363616943359375e+01
1.848218841552734375e+02 6.750844573974609375e+01
1.724767761230468750e+02 9.296292877197265625e+01
1.608149566650390625e+02 9.528072357177734375e+01
7.524187469482421875e+01 -8.986518859863281250e+01
9.531037902832031250e+01 -8.353174591064453125e+01
8.943865203857421875e+01 -8.173291015625000000e+01
7.412634277343750000e+01 -9.135997009277343750e+01
7.293215942382812500e+01 -9.622706604003906250e+01
1.756932525634765625e+02 -1.366892852783203125e+02
1.811126098632812500e+02 7.558345031738281250e+01
1.667257385253906250e+02 8.404035186767578125e+01
1.728700866699218750e+02 7.840227508544921875e+01
1.773376770019531250e+02 5.612123870849609375e+01
1.547485504150390625e+02 8.829530334472656250e+01
1.670784759521484375e+02 8.501317596435546875e+01
1.736941070556640625e+02 6.291493225097656250e+01
1.775558471679687500e+02 9.109226989746093750e+01
1.745668334960937500e+02 1.184915924072265625e+02
1.591152801513671875e+02 1.025179061889648438e+02
1.729204559326171875e+02 6.826357269287109375e+01
1.878222808837890625e+02 4.837572479248046875e+01
