5.478936004638671875e+01 2.491231689453125000e+02
6.030403900146484375e+01 2.427363128662109375e+02
6.680052185058593750e+01 2.290684509277343750e+02
6.062924957275390625e+01 2.641614685058593750e+02
8.717118072509765625e+01 2.820842895507812500e+02
9.088199615478515625e+01 2.730345458984375000e+02
8.381462860107421875e+01 2.641985778808593750e+02
8.260935974121093750e+01 2.823498229980468750e+02
9.439341735839843750e+01 2.753556213378906250e+02
8.261026000976562500e+01 2.616026916503906250e+02
7.698940277099609375e+01 2.810322570800781250e+02
7.215502166748046875e+01 2.669079589843750000e+02
7.511889648437500000e+01 2.796871337890625000e+02
8.104412078857421875e+01 2.659638366699218750e+02
7.861287689208984375e+01 2.741898193359375000e+02
8.123581695556640625e+01 2.790414123535156250e+02
8.067957305908203125e+01 2.966554565429687500e+02
8.369748687744140625e+01 2.650103759765625000e+02
8.432258605957031250e+01 2.707919616699218750e+02
9.283444976806640625e+01 2.717573547363281250e+02
7.729897308349609375e+01 2.778860778808593750e+02
7.639042663574218750e+01 2.715377502441406250e+02
8.138555908203125000e+01 2.789675598144531250e+02
9.071414947509765625e+01 2.758009948730468750e+02
8.125419616699218750e+01 2.909794921875000000e+02
7.766885375976562500e+01 2.858541870117187500e+02
7.749482727050781250e+01 2.742178344726562500e+02
8.172370910644531250e+01 2.677948608398437500e+02
8.076950073242187500e+01 2.632836303710937500e+02
8.003779602050781250e+01 2.754439697265625000e+02
7.075971221923828125e+01 2.915177307128906250e+02
8.263509368896484375e+01 2.759262084960937500e+02
7.943502044677734375e+01 2.670264587402343750e+02
6.926364898681640625e+01 2.888323059082031250e+02
8.408359527587890625e+01 2.711987304687500000e+02
8.241455078125000000e+01 2.639767456054687500e+02
7.634050750732421875e+01 2.833288574218750000e+02
8.690386962890625000e+01 2.578728027343750000e+02
7.829760742187500000e+01 2.664568786621093750e+02
6.754868316650390625e+01 2.690290222167968750e+02
7.766036224365234375e+01 2.817751159667968750e+02
8.228911590576171875e+01 2.771128845214843750e+02
7.185412597656250000e+01 2.752542724609375000e+02
9.057839202880859375e+01 2.713029785156250000e+02
7.280992889404296875e+01 2.891816101074218750e+02
6.097515869140625000e+01 2.795797119140625000e+02
8.003979492187500000e+01 2.737064208984375000e+02
7.677222442626953125e+01 2.810704956054687500e+02
8.045912933349609375e+01 2.627940368652343750e+02
6.764331817626953125e+01 2.781775817871093750e+02
8.866995239257812500e+01 2.636086730957031250e+02
8.161257934570312500e+01 2.607011718750000000e+02
8.833978271484375000e+01 2.751504211425781250e+02
8.665220642089843750e+01 2.731017150878906250e+02
9.143040466308593750e+01 2.859875488281250000e+02
8.389840698242187500e+01 2.668625183105468750e+02
8.325773620605468750e+01 2.776253662109375000e+02
8.509304809570312500e+01 2.705520019531250000e+02
7.382643127441406250e+01 2.883285827636718750e+02
7.833776092529296875e+01 2.826941528320312500e+02
7.588118743896484375e+01 2.859449462890625000e+02
7.670434570312500000e+01 2.788347778320312500e+02
8.748097991943359375e+01 2.683027954101562500e+02
7.645977020263671875e+01 2.844300231933593750e+02
7.276074218750000000e+01 2.801425476074218750e+02
9.733044433593750000e+01 2.661879272460937500e+02
7.825988769531250000e+01 2.651714782714843750e+02
8.569395446777343750e+01 2.756740722656250000e+02
1.014720382690429688e+02 2.603123168945312500e+02
8.202382659912109375e+01 2.760818786621093750e+02
8.281661987304687500e+01 2.555444641113281250e+02
7.521889495849609375e+01 2.725398254394531250e+02
7.769649505615234375e+01 2.736123046875000000e+02
7.673802185058593750e+01 2.674263916015625000e+02
8.161117553710937500e+01 2.762734985351562500e+02
8.042284393310546875e+01 2.600545959472656250e+02
7.893639373779296875e+01 2.839613647460937500e+02
8.359535217285156250e+01 2.693923034667968750e+02
8.520645904541015625e+01 2.827088317871093750e+02
7.601422882080078125e+01 2.731531677246093750e+02
9.672141265869140625e+01 2.687308959960937500e+02
8.531835174560546875e+01 2.618943176269531250e+02
8.229402923583984375e+01 2.826313171386718750e+02
8.318418121337890625e+01 2.687947387695312500e+02
7.774829864501953125e+01 2.801866149902343750e+02
9.021996307373046875e+01 2.549488525390625000e+02
8.399199676513671875e+01 2.812451782226562500e+02
8.194208526611328125e+01 2.774852905273437500e+02
8.382927703857421875e+01 2.790831298828125000e+02
7.979325103759765625e+01 2.869901733398437500e+02
8.329282379150390625e+01 2.579991455078125000e+02
7.240689849853515625e+01 2.761549682617187500e+02
8.452494812011718750e+01 2.733168945312500000e+02
8.260160064697265625e+01 2.763471679687500000e+02
7.897691345214843750e+01 2.845929260253906250e+02
8.260492706298828125e+01 2.713521423339843750e+02
8.625246429443359375e+01 2.758155517578125000e+02
8.446990203857421875e+01 2.911823425292968750e+02
7.693763732910156250e+01 2.776729125976562500e+02
6.938668823242187500e+01 2.802828369140625000e+02
7.654096221923828125e+01 2.594574584960937500e+02
8.913929748535156250e+01 2.763322448730468750e+02
8.452106475830078125e+01 2.835692749023437500e+02
6.833830261230468750e+01 3.052130432128906250e+02
8.036303710937500000e+01 2.729774169921875000e+02
8.801154327392578125e+01 2.862770385742187500e+02
7.876548004150390625e+01 2.662233886718750000e+02
7.892579650878906250e+01 2.687034606933593750e+02
8.689977264404296875e+01 2.694678039550781250e+02
8.066432189941406250e+01 2.814179382324218750e+02
7.591119384765625000e+01 2.677572326660156250e+02
8.271136474609375000e+01 2.732498168945312500e+02
7.279907226562500000e+01 2.726646118164062500e+02
8.401306152343750000e+01 2.738703002929687500e+02
7.273331451416015625e+01 2.667569580078125000e+02
8.188009643554687500e+01 2.749977416992187500e+02
9.603052520751953125e+01 2.726588134765625000e+02
7.471146392822265625e+01 2.676299438476562500e+02
7.914900970458984375e+01 2.880466918945312500e+02
8.808616638183593750e+01 2.753488769531250000e+02
7.684254455566406250e+01 2.823736267089843750e+02
7.416242980957031250e+01 2.809963378906250000e+02
8.515813446044921875e+01 2.681713256835937500e+02
9.525061798095703125e+01 2.679743041992187500e+02
9.084456634521484375e+01 2.667144775390625000e+02
9.085848999023437500e+01 2.648182067871093750e+02
8.127296447753906250e+01 2.672084960937500000e+02
7.914572906494140625e+01 2.785434570312500000e+02
8.727702331542968750e+01 2.566671752929687500e+02
7.705387878417968750e+01 2.778802795410156250e+02
7.861509704589843750e+01 2.679464111328125000e+02
7.901963043212890625e+01 2.707910461425781250e+02
8.049091339111328125e+01 2.820157470703125000e+02
9.807041168212890625e+01 2.670433959960937500e+02
6.453505706787109375e+01 2.833155822753906250e+02
8.354742431640625000e+01 2.726979064941406250e+02
6.688292694091796875e+01 2.855997619628906250e+02
7.163898468017578125e+01 2.919678344726562500e+02
7.279801177978515625e+01 2.739582214355468750e+02
6.351548385620117188e+01 2.771690979003906250e+02
9.210675048828125000e+01 2.587385864257812500e+02
8.979627990722656250e+01 2.655631408691406250e+02
7.544251251220703125e+01 2.802624511718750000e+02
8.924243927001953125e+01 2.875299682617187500e+02
8.850399780273437500e+01 2.626637268066406250e+02
8.899048614501953125e+01 2.799300231933593750e+02
6.795888519287109375e+01 2.674450988769531250e+02
6.880316162109375000e+01 2.801784057617187500e+02
7.608813476562500000e+01 2.795193786621093750e+02
7.324250030517578125e+01 2.819050292968750000e+02
7.219661712646484375e+01 2.877855834960937500e+02
8.515113830566406250e+01 2.753059692382812500e+02
6.532025146484375000e+01 2.807569274902343750e+02
8.592502593994140625e+01 2.748905944824218750e+02
6.252549362182617188e+01 2.738697814941406250e+02
6.488577270507812500e+01 2.739689331054687500e+02
7.278456115722656250e+01 2.786136474609375000e+02
8.149394989013671875e+01 2.731196594238281250e+02
8.175573730468750000e+01 2.772357177734375000e+02
8.004478454589843750e+01 2.707216491699218750e+02
8.616564941406250000e+01 2.713614501953125000e+02
7.124681091308593750e+01 2.805097045898437500e+02
8.088421630859375000e+01 2.931855468750000000e+02
8.300717163085937500e+01 2.727193298339843750e+02
7.914981079101562500e+01 2.875342407226562500e+02
8.786794281005859375e+01 2.580706176757812500e+02
9.200710296630859375e+01 2.731030883789062500e+02
8.224514007568359375e+01 2.727096557617187500e+02
7.031169891357421875e+01 2.781919555664062500e+02
8.159883880615234375e+01 2.623706054687500000e+02
8.189670562744140625e+01 2.613726501464843750e+02
7.078089141845703125e+01 2.613110046386718750e+02
8.202913665771484375e+01 2.699684143066406250e+02
8.115831756591796875e+01 2.553390960693359375e+02
7.999847412109375000e+01 2.780465698242187500e+02
8.655460357666015625e+01 2.795271606445312500e+02
9.246149444580078125e+01 2.707039184570312500e+02
7.583367919921875000e+01 2.940968933105468750e+02
7.633106231689453125e+01 2.689244689941406250e+02
7.932392883300781250e+01 2.770966491699218750e+02
8.418592071533203125e+01 2.703341674804687500e+02
8.065984344482421875e+01 2.664129028320312500e+02
6.082479858398437500e+01 2.769987487792968750e+02
9.152985382080078125e+01 2.588437805175781250e+02
7.081449890136718750e+01 2.678927001953125000e+02
6.027869415283203125e+01 2.651986694335937500e+02
6.519364929199218750e+01 2.747958679199218750e+02
7.037263488769531250e+01 2.809164428710937500e+02
7.660279083251953125e+01 2.868007507324218750e+02
7.425865936279296875e+01 2.699081726074218750e+02
8.343954467773437500e+01 2.853214721679687500e+02
6.491522979736328125e+01 2.773984375000000000e+02
7.675678253173828125e+01 2.580131225585937500e+02
8.414923858642578125e+01 2.833134155273437500e+02
6.561100769042968750e+01 2.841083374023437500e+02
7.980301666259765625e+01 2.615658874511718750e+02
7.789437103271484375e+01 2.616415710449218750e+02
8.132624053955078125e+01 2.869176635742187500e+02
7.201740264892578125e+01 2.889765625000000000e+02
8.255806732177734375e+01 2.854902038574218750e+02
7.050679779052734375e+01 2.921664733886718750e+02
6.250568389892578125e+01 2.838253173828125000e+02
7.424554443359375000e+01 2.897611694335937500e+02
6.784486389160156250e+01 2.791791381835937500e+02
7.784610748291015625e+01 2.783655700683593750e+02
6.089821243286132812e+01 2.824624633789062500e+02
6.735265350341796875e+01 2.564617919921875000e+02
7.135391998291015625e+01 2.508377990722656250e+02
8.364923095703125000e+01 2.679604492187500000e+02
7.361082458496093750e+01 2.765097045898437500e+02
7.970925140380859375e+01 2.788525695800781250e+02
6.928574371337890625e+01 2.914830932617187500e+02
8.306118774414062500e+01 2.661773986816406250e+02
7.422779083251953125e+01 2.839932250976562500e+02
8.091703796386718750e+01 2.733253784179687500e+02
6.199879837036132812e+01 2.774023437500000000e+02
8.045677947998046875e+01 2.689460754394531250e+02
8.326083374023437500e+01 2.753712158203125000e+02
8.253033447265625000e+01 2.847758178710937500e+02
7.055352020263671875e+01 2.684632263183593750e+02
7.649259185791015625e+01 2.629770202636718750e+02
7.621886444091796875e+01 2.669711303710937500e+02
7.851971435546875000e+01 2.731989746093750000e+02
7.913049316406250000e+01 2.754068908691406250e+02
7.953767395019531250e+01 2.770474853515625000e+02
8.034584808349609375e+01 2.806856079101562500e+02
7.829387664794921875e+01 2.739499511718750000e+02
6.953670501708984375e+01 2.794103393554687500e+02
8.656993103027343750e+01 2.695883483886718750e+02
7.337200164794921875e+01 2.744421997070312500e+02
8.197611999511718750e+01 2.733361816406250000e+02
7.717378997802734375e+01 2.729365234375000000e+02
8.231571197509765625e+01 2.729884643554687500e+02
8.986387634277343750e+01 2.680719604492187500e+02
8.328350067138671875e+01 2.610524902343750000e+02
9.189129638671875000e+01 2.794704589843750000e+02
8.599858093261718750e+01 2.743080139160156250e+02
8.111439514160156250e+01 2.871008300781250000e+02
7.792106628417968750e+01 2.807715454101562500e+02
7.484432220458984375e+01 2.660951843261718750e+02
8.032889556884765625e+01 2.762606201171875000e+02
8.267559814453125000e+01 2.695454101562500000e+02
6.954180145263671875e+01 2.592824707031250000e+02
6.643460845947265625e+01 2.698056945800781250e+02
7.341352844238281250e+01 2.656817626953125000e+02
6.977194976806640625e+01 2.667405395507812500e+02
8.202767944335937500e+01 2.768324890136718750e+02
7.932682800292968750e+01 2.690621032714843750e+02
7.627214813232421875e+01 2.740466918945312500e+02
9.145787811279296875e+01 2.794041748046875000e+02
7.912812805175781250e+01 2.674923095703125000e+02
8.579956054687500000e+01 2.756347961425781250e+02
8.136965179443359375e+01 2.667456054687500000e+02
7.736196899414062500e+01 2.672872314453125000e+02
8.017044830322265625e+01 2.962335205078125000e+02
8.657962799072265625e+01 2.623805847167968750e+02
8.525199127197265625e+01 2.813709411621093750e+02
6.340469741821289062e+01 2.771795043945312500e+02
8.949246978759765625e+01 2.741263122558593750e+02
7.404457855224609375e+01 2.820431823730468750e+02
8.092272186279296875e+01 2.853412475585937500e+02
9.008807373046875000e+01 2.748215026855468750e+02
9.304394531250000000e+01 2.750534362792968750e+02
8.577838134765625000e+01 2.764743041992187500e+02
7.877619171142578125e+01 2.752907104492187500e+02
7.944405364990234375e+01 2.760761108398437500e+02
7.545828247070312500e+01 2.755174255371093750e+02
6.801822662353515625e+01 2.860627136230468750e+02
8.050465393066406250e+01 2.640504760742187500e+02
8.730784606933593750e+01 2.812104187011718750e+02
7.221857452392578125e+01 2.824133911132812500e+02
8.261078643798828125e+01 2.715047302246093750e+02
7.939236450195312500e+01 2.711094970703125000e+02
8.284891510009765625e+01 2.767670898437500000e+02
8.775961303710937500e+01 2.756832275390625000e+02
7.757481384277343750e+01 2.786973266601562500e+02
8.277037811279296875e+01 2.674114379882812500e+02
7.016852569580078125e+01 2.785283203125000000e+02
8.326415252685546875e+01 3.009826049804687500e+02
9.420326995849609375e+01 2.558807678222656250e+02
7.301853179931640625e+01 2.722107543945312500e+02
8.457964324951171875e+01 2.747122802734375000e+02
8.308074188232421875e+01 2.725487365722656250e+02
8.514407348632812500e+01 2.653542480468750000e+02
7.598722839355468750e+01 2.870663452148437500e+02
7.577717590332031250e+01 2.796181945800781250e+02
8.143000793457031250e+01 2.708342285156250000e+02
7.175243377685546875e+01 2.702503662109375000e+02
7.628041076660156250e+01 2.794697875976562500e+02
6.671437072753906250e+01 2.656432495117187500e+02
8.185157012939453125e+01 2.798388671875000000e+02
7.960517883300781250e+01 2.903574829101562500e+02
7.157990264892578125e+01 2.731415405273437500e+02
7.875297546386718750e+01 2.710415344238281250e+02
7.998314666748046875e+01 2.551386260986328125e+02
7.146407318115234375e+01 2.722778625488281250e+02
8.165878295898437500e+01 2.845209655761718750e+02
6.957321929931640625e+01 2.655771789550781250e+02
8.882818603515625000e+01 2.710889892578125000e+02
6.825431823730468750e+01 2.608592834472656250e+02
7.899126434326171875e+01 2.901448669433593750e+02
8.073899078369140625e+01 2.876847229003906250e+02
7.033261871337890625e+01 2.784353027343750000e+02
7.117982482910156250e+01 2.800704956054687500e+02
7.788055419921875000e+01 2.770581665039062500e+02
8.155132293701171875e+01 2.827736206054687500e+02
4.892130661010742188e+01 2.925923156738281250e+02
8.386168670654296875e+01 2.773099060058593750e+02
8.589915466308593750e+01 2.822284240722656250e+02
6.635935974121093750e+01 2.870061340332031250e+02
7.976425170898437500e+01 2.719546813964843750e+02
8.088105773925781250e+01 2.755047302246093750e+02
6.664334106445312500e+01 2.690210876464843750e+02
1.015865478515625000e+02 2.730206298828125000e+02
7.891214752197265625e+01 2.636234436035156250e+02
8.653334808349609375e+01 2.768278808593750000e+02
7.941589355468750000e+01 2.795626831054687500e+02
8.128442382812500000e+01 2.774209899902343750e+02
7.382424926757812500e+01 2.938363342285156250e+02
9.413739776611328125e+01 2.649097290039062500e+02
1.124917602539062500e+02 2.558174133300781250e+02
8.493577575683593750e+01 2.929853515625000000e+02
9.182855224609375000e+01 2.774986572265625000e+02
6.492486572265625000e+01 2.682006225585937500e+02
8.161380767822265625e+01 2.791500854492187500e+02
7.919295501708984375e+01 2.864381103515625000e+02
7.583602905273437500e+01 2.888603210449218750e+02
9.126526641845703125e+01 2.858264160156250000e+02
8.762725830078125000e+01 2.660659790039062500e+02
7.381309509277343750e+01 2.587566528320312500e+02
8.692925262451171875e+01 2.739862060546875000e+02
8.601617431640625000e+01 2.808262939453125000e+02
7.232628631591796875e+01 2.707560424804687500e+02
8.817908477783203125e+01 2.741443786621093750e+02
7.432907867431640625e+01 2.708319396972656250e+02
6.491130065917968750e+01 3.031591796875000000e+02
7.661557006835937500e+01 2.720067749023437500e+02
7.052463531494140625e+01 2.742514648437500000e+02
7.587328338623046875e+01 2.719489746093750000e+02
6.991329193115234375e+01 2.901298217773437500e+02
8.447775268554687500e+01 2.682649841308593750e+02
7.693770599365234375e+01 2.823173217773437500e+02
8.410192108154296875e+01 2.564558105468750000e+02
8.505752563476562500e+01 2.842191162109375000e+02
7.268388366699218750e+01 2.784783935546875000e+02
6.966776275634765625e+01 2.794498901367187500e+02
6.603882598876953125e+01 2.742786865234375000e+02
7.537879180908203125e+01 2.788452758789062500e+02
7.549103546142578125e+01 2.822827148437500000e+02
7.583169555664062500e+01 2.715597534179687500e+02
8.711988067626953125e+01 2.654223632812500000e+02
9.378255462646484375e+01 2.879180603027343750e+02
8.197014617919921875e+01 2.727901306152343750e+02
7.574580383300781250e+01 2.823363647460937500e+02
7.985877227783203125e+01 2.886270141601562500e+02
6.107390594482421875e+01 2.831062011718750000e+02
6.695281982421875000e+01 2.846300659179687500e+02
8.018521881103515625e+01 2.785096435546875000e+02
7.045181274414062500e+01 2.939691162109375000e+02
6.843211364746093750e+01 2.817635498046875000e+02
5.782812118530273438e+01 2.903566894531250000e+02
7.302952575683593750e+01 2.805675048828125000e+02
6.415175628662109375e+01 2.897530212402343750e+02
7.860436248779296875e+01 2.793709411621093750e+02
8.805323028564453125e+01 2.715362548828125000e+02
7.113941955566406250e+01 2.844073791503906250e+02
7.236355590820312500e+01 2.912377929687500000e+02
6.888250732421875000e+01 2.810234985351562500e+02
6.951383209228515625e+01 2.896083984375000000e+02
7.488653564453125000e+01 2.727626342773437500e+02
6.743552398681640625e+01 2.776831054687500000e+02
7.082762145996093750e+01 2.838379516601562500e+02
7.814548492431640625e+01 2.635676879882812500e+02
5.696437835693359375e+01 2.568178100585937500e+02
6.257159805297851562e+01 3.008049621582031250e+02
6.099906539916992188e+01 3.020552673339843750e+02
7.447042846679687500e+01 2.692589111328125000e+02
8.986804199218750000e+01 2.779680480957031250e+02
6.168562698364257812e+01 2.596620483398437500e+02
8.198664093017578125e+01 2.586841735839843750e+02
7.387883758544921875e+01 2.794653320312500000e+02
7.526258850097656250e+01 2.919220581054687500e+02
8.739238739013671875e+01 2.668955383300781250e+02
6.999463653564453125e+01 2.833875732421875000e+02
8.035346984863281250e+01 2.597800903320312500e+02
7.871749114990234375e+01 2.785295410156250000e+02
6.974454498291015625e+01 2.811034545898437500e+02
8.029246520996093750e+01 2.938852233886718750e+02
8.049929046630859375e+01 2.704319152832031250e+02
7.578406524658203125e+01 2.915775146484375000e+02
7.490364837646484375e+01 2.747040710449218750e+02
7.652735137939453125e+01 2.805761108398437500e+02
7.168849945068359375e+01 2.844953613281250000e+02
7.026583862304687500e+01 2.803435363769531250e+02
5.377335357666015625e+01 2.763355407714843750e+02
8.260408782958984375e+01 2.721255493164062500e+02
8.167881011962890625e+01 2.802780151367187500e+02
9.213254547119140625e+01 2.860166320800781250e+02
7.591660308837890625e+01 2.756970825195312500e+02
7.238890838623046875e+01 2.500061798095703125e+02
6.824871826171875000e+01 2.849253540039062500e+02
7.748139953613281250e+01 2.784346008300781250e+02
8.326905822753906250e+01 2.878591918945312500e+02
7.448177337646484375e+01 2.847055969238281250e+02
7.545792388916015625e+01 2.713963317871093750e+02
7.593463134765625000e+01 2.824922180175781250e+02
7.718145751953125000e+01 2.747987976074218750e+02
7.952628326416015625e+01 2.648577270507812500e+02
6.121361160278320312e+01 2.906513671875000000e+02
7.979459381103515625e+01 2.688393859863281250e+02
6.770829772949218750e+01 2.882664794921875000e+02
8.383294677734375000e+01 2.685963439941406250e+02
