6.289236068725585938e+01 2.854810485839843750e+02
5.862644577026367188e+01 2.738601684570312500e+02
7.020065307617187500e+01 2.660904846191406250e+02
6.148568344116210938e+01 2.449801940917968750e+02
6.884797668457031250e+01 2.646314086914062500e+02
6.708654022216796875e+01 2.909799804687500000e+02
8.815782165527343750e+01 2.897704162597656250e+02
7.620720672607421875e+01 2.647036743164062500e+02
8.355051422119140625e+01 2.801564941406250000e+02
7.803888702392578125e+01 2.762592773437500000e+02
8.747943878173828125e+01 2.679990844726562500e+02
8.480237579345703125e+01 2.792352294921875000e+02
7.339699554443359375e+01 2.817014770507812500e+02
7.966313934326171875e+01 2.622139282226562500e+02
8.413086700439453125e+01 2.819948425292968750e+02
7.215204620361328125e+01 2.710584106445312500e+02
6.517440795898437500e+01 2.837420654296875000e+02
8.315467071533203125e+01 2.716647033691406250e+02
8.284687805175781250e+01 2.690236816406250000e+02
6.766529083251953125e+01 2.653233947753906250e+02
6.561338043212890625e+01 2.653977355957031250e+02
8.411009216308593750e+01 2.717896423339843750e+02
8.303129577636718750e+01 2.781339721679687500e+02
7.843965911865234375e+01 2.612520751953125000e+02
8.980274963378906250e+01 2.732965698242187500e+02
9.163658142089843750e+01 2.744418334960937500e+02
8.870935058593750000e+01 2.525520935058593750e+02
7.896737670898437500e+01 2.771479797363281250e+02
7.876287078857421875e+01 2.849530334472656250e+02
9.772847747802734375e+01 2.759645385742187500e+02
9.818029785156250000e+01 2.637106323242187500e+02
8.266571807861328125e+01 2.962213134765625000e+02
6.987732696533203125e+01 2.635128173828125000e+02
6.442824554443359375e+01 2.748919982910156250e+02
7.283203887939453125e+01 2.860620422363281250e+02
7.601943969726562500e+01 2.942488403320312500e+02
8.697982788085937500e+01 2.691938171386718750e+02
8.512148284912109375e+01 2.409230651855468750e+02
7.533299255371093750e+01 2.781170654296875000e+02
8.446746063232421875e+01 2.781123657226562500e+02
8.999089813232421875e+01 2.865065002441406250e+02
8.346290588378906250e+01 2.616745605468750000e+02
9.075682067871093750e+01 2.533722534179687500e+02
8.965976715087890625e+01 2.548545227050781250e+02
8.654241180419921875e+01 2.799431152343750000e+02
7.454644012451171875e+01 2.701428527832031250e+02
9.649662017822265625e+01 2.430158081054687500e+02
7.827207946777343750e+01 2.589779052734375000e+02
9.324833679199218750e+01 2.534957275390625000e+02
7.713262176513671875e+01 2.692822875976562500e+02
9.944647979736328125e+01 2.723680725097656250e+02
9.565494537353515625e+01 2.668856201171875000e+02
7.659739685058593750e+01 2.759027099609375000e+02
7.818688964843750000e+01 2.590458984375000000e+02
8.027789306640625000e+01 2.767377014160156250e+02
8.430715179443359375e+01 2.748276977539062500e+02
8.951718139648437500e+01 2.514484863281250000e+02
8.725083160400390625e+01 2.781451416015625000e+02
7.191624450683593750e+01 2.777353515625000000e+02
8.077301788330078125e+01 2.575753173828125000e+02
7.548789978027343750e+01 2.747271728515625000e+02
9.826381683349609375e+01 2.547202148437500000e+02
7.886515045166015625e+01 2.800623168945312500e+02
8.084767913818359375e+01 2.712537536621093750e+02
7.934526824951171875e+01 2.830486450195312500e+02
7.909838104248046875e+01 2.648354797363281250e+02
7.874642944335937500e+01 2.805763244628906250e+02
8.031392669677734375e+01 2.676600952148437500e+02
6.632294464111328125e+01 2.625027160644531250e+02
6.528391265869140625e+01 2.719262084960937500e+02
7.525492858886718750e+01 2.795440673828125000e+02
8.038671112060546875e+01 2.792208862304687500e+02
8.038260650634765625e+01 2.785260009765625000e+02
7.799295806884765625e+01 2.808708496093750000e+02
7.126052856445312500e+01 2.646206054687500000e+02
9.037354278564453125e+01 2.733549194335937500e+02
8.138093566894531250e+01 2.553438262939453125e+02
6.726570129394531250e+01 2.670481262207031250e+02
7.815177917480468750e+01 2.810248718261718750e+02
7.560881042480468750e+01 2.796924133300781250e+02
7.773664093017578125e+01 2.666418457031250000e+02
8.012391662597656250e+01 2.621735534667968750e+02
7.711302185058593750e+01 2.526247863769531250e+02
7.357989501953125000e+01 2.657279663085937500e+02
7.375084686279296875e+01 2.696974182128906250e+02
8.481443786621093750e+01 2.846405029296875000e+02
8.558109283447265625e+01 2.724942932128906250e+02
8.895934295654296875e+01 2.817253417968750000e+02
8.059335327148437500e+01 2.728152160644531250e+02
7.761845397949218750e+01 2.609136047363281250e+02
7.914720916748046875e+01 2.819651184082031250e+02
8.961451721191406250e+01 2.587658996582031250e+02
7.281260681152343750e+01 2.937581787109375000e+02
8.052676391601562500e+01 2.763819580078125000e+02
7.554705047607421875e+01 2.777507324218750000e+02
8.456152343750000000e+01 2.670919799804687500e+02
8.090377044677734375e+01 2.787662048339843750e+02
8.293166351318359375e+01 2.849512329101562500e+02
8.975119781494140625e+01 2.559451904296875000e+02
8.873373413085937500e+01 2.609017944335937500e+02
6.088192367553710938e+01 2.618927612304687500e+02
7.740296173095703125e+01 2.664394226074218750e+02
7.607431793212890625e+01 2.831303100585937500e+02
7.846901702880859375e+01 2.678110961914062500e+02
7.345779418945312500e+01 2.745509643554687500e+02
7.077802276611328125e+01 2.930052490234375000e+02
7.933171081542968750e+01 2.683700561523437500e+02
8.111109161376953125e+01 2.524778289794921875e+02
6.536635589599609375e+01 2.830911865234375000e+02
8.454769134521484375e+01 2.488420257568359375e+02
7.554891967773437500e+01 2.556518554687500000e+02
8.199877166748046875e+01 2.667935791015625000e+02
7.929660034179687500e+01 2.553890838623046875e+02
7.948199462890625000e+01 2.751143798828125000e+02
8.569686126708984375e+01 2.707799682617187500e+02
7.239051055908203125e+01 2.813876342773437500e+02
7.830252838134765625e+01 2.716974792480468750e+02
8.220275878906250000e+01 2.525800476074218750e+02
8.695922851562500000e+01 2.760751647949218750e+02
8.825968933105468750e+01 2.702822875976562500e+02
8.990041351318359375e+01 2.706010131835937500e+02
6.979515075683593750e+01 2.772044677734375000e+02
6.660139465332031250e+01 2.785655212402343750e+02
8.232152557373046875e+01 2.714685974121093750e+02
8.076787567138671875e+01 2.809191894531250000e+02
8.176149749755859375e+01 2.848637695312500000e+02
7.186484527587890625e+01 2.916301269531250000e+02
7.015316009521484375e+01 2.871543579101562500e+02
7.698140716552734375e+01 2.748860473632812500e+02
7.223522186279296875e+01 2.779003906250000000e+02
7.276243591308593750e+01 2.673341674804687500e+02
7.287246704101562500e+01 2.789802856445312500e+02
8.870115661621093750e+01 2.667334594726562500e+02
8.155153656005859375e+01 2.646430053710937500e+02
8.214212036132812500e+01 2.560591125488281250e+02
7.009606170654296875e+01 2.877998046875000000e+02
8.117457580566406250e+01 2.799677734375000000e+02
8.709947967529296875e+01 2.695446166992187500e+02
8.085888671875000000e+01 2.721766052246093750e+02
8.514331817626953125e+01 2.859161376953125000e+02
7.028895568847656250e+01 3.081137084960937500e+02
7.704357147216796875e+01 2.661989746093750000e+02
6.912800598144531250e+01 2.904101562500000000e+02
8.815425109863281250e+01 2.607756347656250000e+02
7.239334869384765625e+01 2.671481933593750000e+02
7.074540710449218750e+01 2.825577087402343750e+02
6.751851654052734375e+01 2.774918518066406250e+02
7.147377014160156250e+01 2.671141052246093750e+02
7.864864349365234375e+01 2.763010559082031250e+02
8.114431762695312500e+01 2.820963134765625000e+02
8.644353485107421875e+01 2.868312988281250000e+02
6.552983856201171875e+01 2.643589172363281250e+02
6.974018859863281250e+01 2.801058044433593750e+02
8.354780578613281250e+01 2.893317871093750000e+02
8.643781280517578125e+01 2.754842529296875000e+02
7.514680480957031250e+01 2.871728515625000000e+02
7.738867950439453125e+01 2.859583129882812500e+02
8.077525329589843750e+01 2.775500488281250000e+02
8.519544982910156250e+01 2.800827026367187500e+02
5.880479812622070312e+01 2.830340576171875000e+02
8.234069061279296875e+01 2.715146484375000000e+02
7.294600677490234375e+01 2.769367065429687500e+02
8.122645568847656250e+01 2.818952941894531250e+02
8.258267211914062500e+01 2.629872741699218750e+02
6.989130401611328125e+01 2.740032043457031250e+02
7.716174316406250000e+01 2.697428588867187500e+02
8.113671112060546875e+01 2.625417480468750000e+02
7.878211212158203125e+01 2.876551513671875000e+02
7.603970336914062500e+01 2.949591369628906250e+02
7.903361511230468750e+01 2.625545654296875000e+02
7.790597534179687500e+01 2.745095520019531250e+02
9.014949798583984375e+01 2.768047180175781250e+02
7.589978027343750000e+01 2.716208496093750000e+02
8.574832916259765625e+01 2.610129394531250000e+02
7.136090850830078125e+01 2.674789428710937500e+02
7.901177978515625000e+01 2.619046936035156250e+02
7.316802215576171875e+01 2.786359863281250000e+02
7.963613891601562500e+01 2.869370727539062500e+02
7.717503356933593750e+01 2.678971862792968750e+02
8.648670959472656250e+01 2.768576965332031250e+02
6.670946502685546875e+01 2.870318908691406250e+02
7.291055297851562500e+01 2.726251831054687500e+02
7.768599700927734375e+01 2.855084838867187500e+02
6.637222290039062500e+01 2.690396728515625000e+02
7.106987762451171875e+01 2.987510681152343750e+02
7.410732269287109375e+01 2.639619445800781250e+02
7.991317749023437500e+01 2.771565551757812500e+02
7.423579406738281250e+01 2.674763183593750000e+02
8.039156341552734375e+01 2.729448242187500000e+02
5.550429916381835938e+01 2.930712890625000000e+02
7.371787261962890625e+01 2.765936584472656250e+02
7.892842864990234375e+01 2.662257385253906250e+02
7.511011505126953125e+01 2.639543151855468750e+02
5.689008712768554688e+01 3.038982849121093750e+02
8.011799621582031250e+01 2.572024230957031250e+02
7.786859130859375000e+01 2.835060424804687500e+02
7.793331146240234375e+01 2.894161987304687500e+02
7.805837249755859375e+01 2.862797241210937500e+02
6.801713562011718750e+01 2.863312072753906250e+02
5.637768554687500000e+01 2.841164855957031250e+02
6.966108703613281250e+01 2.807453308105468750e+02
8.774288940429687500e+01 2.758928833007812500e+02
5.996029663085937500e+01 2.924205322265625000e+02
8.160816955566406250e+01 2.827228088378906250e+02
7.867581176757812500e+01 3.116584472656250000e+02
7.017889404296875000e+01 2.898925170898437500e+02
8.012382507324218750e+01 2.910914306640625000e+02
7.484146118164062500e+01 2.790657348632812500e+02
6.754408264160156250e+01 2.765663146972656250e+02
8.774077606201171875e+01 2.621197204589843750e+02
7.025204467773437500e+01 2.676812744140625000e+02
7.202423858642578125e+01 2.896431884765625000e+02
6.751547241210937500e+01 2.840395812988281250e+02
7.530915832519531250e+01 2.869595336914062500e+02
7.533186340332031250e+01 2.863008728027343750e+02
7.676329040527343750e+01 3.071062927246093750e+02
8.454325866699218750e+01 2.671354064941406250e+02
6.526168823242187500e+01 2.945268859863281250e+02
7.678790283203125000e+01 2.828464965820312500e+02
7.241511535644531250e+01 2.822362670898437500e+02
7.315466308593750000e+01 2.905441284179687500e+02
6.044807434082031250e+01 2.880150146484375000e+02
7.075675201416015625e+01 2.826042785644531250e+02
7.322970581054687500e+01 2.833618164062500000e+02
7.654212951660156250e+01 2.913437500000000000e+02
8.571105194091796875e+01 2.826254577636718750e+02
9.637327575683593750e+01 2.928487243652343750e+02
8.165914154052734375e+01 2.805269775390625000e+02
8.779417419433593750e+01 2.757691040039062500e+02
7.496970367431640625e+01 2.835999145507812500e+02
7.495456695556640625e+01 2.800535278320312500e+02
8.495514678955078125e+01 2.827913513183593750e+02
7.873074340820312500e+01 2.839929199218750000e+02
8.138909912109375000e+01 2.885777587890625000e+02
7.179613494873046875e+01 2.809701843261718750e+02
7.269216156005859375e+01 2.750598754882812500e+02
7.163568878173828125e+01 3.058866882324218750e+02
7.003268432617187500e+01 2.815510864257812500e+02
7.891495513916015625e+01 2.629697265625000000e+02
8.384597015380859375e+01 2.870963134765625000e+02
7.752438354492187500e+01 2.811440734863281250e+02
8.601311492919921875e+01 2.811120910644531250e+02
8.708233642578125000e+01 2.706680603027343750e+02
7.643704986572265625e+01 2.773319091796875000e+02
6.870243835449218750e+01 2.635247192382812500e+02
8.495853424072265625e+01 2.834856567382812500e+02
8.711170196533203125e+01 2.791737670898437500e+02
9.043329620361328125e+01 2.579534912109375000e+02
8.212973785400390625e+01 2.645527954101562500e+02
7.524203491210937500e+01 2.877456054687500000e+02
7.898449707031250000e+01 2.835164794921875000e+02
8.265608978271484375e+01 2.761411132812500000e+02
7.564978027343750000e+01 2.847512512207031250e+02
7.406057739257812500e+01 2.878781738281250000e+02
7.574345397949218750e+01 2.788406372070312500e+02
7.769611358642578125e+01 2.825611877441406250e+02
6.687589263916015625e+01 2.848024597167968750e+02
6.377217483520507812e+01 2.963609008789062500e+02
7.241199493408203125e+01 2.696553344726562500e+02
7.537210083007812500e+01 2.776244506835937500e+02
6.879682159423828125e+01 2.788273620605468750e+02
8.704817199707031250e+01 2.747548828125000000e+02
7.461377716064453125e+01 2.938538513183593750e+02
6.628405761718750000e+01 2.922140502929687500e+02
7.239993286132812500e+01 2.845558471679687500e+02
6.740768432617187500e+01 2.785818481445312500e+02
6.835148620605468750e+01 3.040431823730468750e+02
7.603189849853515625e+01 2.818104553222656250e+02
8.625946044921875000e+01 2.816610717773437500e+02
5.732299804687500000e+01 2.958301086425781250e+02
6.521070861816406250e+01 2.957741699218750000e+02
6.940268707275390625e+01 2.932719421386718750e+02
7.635783386230468750e+01 2.895056457519531250e+02
7.996900177001953125e+01 2.823217163085937500e+02
7.303150177001953125e+01 3.074242248535156250e+02
6.985119628906250000e+01 3.064548950195312500e+02
7.303589630126953125e+01 2.770566406250000000e+02
6.910272979736328125e+01 3.067135009765625000e+02
7.722671508789062500e+01 2.729003601074218750e+02
9.445860290527343750e+01 2.783204345703125000e+02
8.287219238281250000e+01 2.746916503906250000e+02
7.090032196044921875e+01 2.893353881835937500e+02
8.289515686035156250e+01 2.920418090820312500e+02
7.424318695068359375e+01 2.845585632324218750e+02
9.030773162841796875e+01 2.769823303222656250e+02
7.207292175292968750e+01 2.769051818847656250e+02
7.896211242675781250e+01 2.838543701171875000e+02
7.016859436035156250e+01 2.813256530761718750e+02
7.712765502929687500e+01 2.674814453125000000e+02
7.252379608154296875e+01 2.841369628906250000e+02
7.436389923095703125e+01 2.822713928222656250e+02
6.913013458251953125e+01 2.845895385742187500e+02
7.035613250732421875e+01 2.743003845214843750e+02
7.905907440185546875e+01 2.915334472656250000e+02
7.627144622802734375e+01 2.897194213867187500e+02
6.736123657226562500e+01 2.805934143066406250e+02
8.444763946533203125e+01 2.574820556640625000e+02
7.263147735595703125e+01 2.871430358886718750e+02
7.293253326416015625e+01 2.954845581054687500e+02
7.125408935546875000e+01 2.955268554687500000e+02
8.140390014648437500e+01 2.797989501953125000e+02
7.815803527832031250e+01 2.708967895507812500e+02
6.921495819091796875e+01 2.888750610351562500e+02
7.261026000976562500e+01 2.709397583007812500e+02
7.381169128417968750e+01 2.824361877441406250e+02
6.965758514404296875e+01 2.917257690429687500e+02
6.906354522705078125e+01 2.787357177734375000e+02
7.825599670410156250e+01 2.758190917968750000e+02
6.659698486328125000e+01 2.798348999023437500e+02
6.452098846435546875e+01 2.888619384765625000e+02
8.023688507080078125e+01 2.757414245605468750e+02
6.732810974121093750e+01 2.768895263671875000e+02
7.959070587158203125e+01 2.824814147949218750e+02
7.127540588378906250e+01 2.905494384765625000e+02
7.187843322753906250e+01 2.908764648437500000e+02
7.930944061279296875e+01 2.703248901367187500e+02
7.172658538818359375e+01 2.778970336914062500e+02
7.146302795410156250e+01 2.898497619628906250e+02
7.097383117675781250e+01 2.794349975585937500e+02
7.686431884765625000e+01 2.838830261230468750e+02
7.649609375000000000e+01 2.782129211425781250e+02
7.317999267578125000e+01 2.802886047363281250e+02
6.948727416992187500e+01 2.818327026367187500e+02
6.484348297119140625e+01 2.877286071777343750e+02
8.323498535156250000e+01 2.816304321289062500e+02
6.732659912109375000e+01 2.773827514648437500e+02
7.469468688964843750e+01 2.554639282226562500e+02
8.192616271972656250e+01 2.728750610351562500e+02
7.042111968994140625e+01 3.017430419921875000e+02
8.216251373291015625e+01 2.789333190917968750e+02
8.237430572509765625e+01 2.908166809082031250e+02
7.233264923095703125e+01 2.886301574707031250e+02
8.193268585205078125e+01 2.791121215820312500e+02
7.617974090576171875e+01 2.896445617675781250e+02
7.384292602539062500e+01 2.871476440429687500e+02
7.390593719482421875e+01 3.140204467773437500e+02
7.255015563964843750e+01 2.963655700683593750e+02
7.962012481689453125e+01 2.898654174804687500e+02
6.938318634033203125e+01 3.090664062500000000e+02
7.893993377685546875e+01 2.904285278320312500e+02
7.482910919189453125e+01 2.921956176757812500e+02
8.222386932373046875e+01 2.854458618164062500e+02
6.688162994384765625e+01 2.951331787109375000e+02
8.566114044189453125e+01 2.770520019531250000e+02
8.498455810546875000e+01 2.797332763671875000e+02
8.077770996093750000e+01 2.973635864257812500e+02
6.915837097167968750e+01 2.704623107910156250e+02
8.189881896972656250e+01 2.917446289062500000e+02
7.605902099609375000e+01 2.765017700195312500e+02
6.800181579589843750e+01 2.872922058105468750e+02
7.753835296630859375e+01 2.689407958984375000e+02
6.738591766357421875e+01 2.801391906738281250e+02
8.478666687011718750e+01 2.831185607910156250e+02
6.646209716796875000e+01 3.093781127929687500e+02
7.765279388427734375e+01 2.785166625976562500e+02
7.397591400146484375e+01 2.864317321777343750e+02
7.575901031494140625e+01 2.826584167480468750e+02
8.001674652099609375e+01 2.921713256835937500e+02
7.422912597656250000e+01 2.704579772949218750e+02
8.132411956787109375e+01 2.809367370605468750e+02
7.553155517578125000e+01 2.823436279296875000e+02
7.385552978515625000e+01 2.936242675781250000e+02
9.649861145019531250e+01 2.833808898925781250e+02
7.508695220947265625e+01 2.906513061523437500e+02
8.078110504150390625e+01 2.892297363281250000e+02
7.542343902587890625e+01 2.788583679199218750e+02
7.721537017822265625e+01 2.774132690429687500e+02
7.772926330566406250e+01 2.820580749511718750e+02
7.499878692626953125e+01 2.798258361816406250e+02
5.940185928344726562e+01 2.868481445312500000e+02
7.525826263427734375e+01 2.669075622558593750e+02
8.289131927490234375e+01 2.761438903808593750e+02
7.011467742919921875e+01 2.917394104003906250e+02
7.202059936523437500e+01 2.796271362304687500e+02
7.896813964843750000e+01 2.843607788085937500e+02
7.292593383789062500e+01 2.795704650878906250e+02
8.072115325927734375e+01 2.685676269531250000e+02
8.032897186279296875e+01 2.726479492187500000e+02
8.812474822998046875e+01 2.797277832031250000e+02
6.664508819580078125e+01 2.729245605468750000e+02
7.281455230712890625e+01 2.983995361328125000e+02
7.392494201660156250e+01 2.896213378906250000e+02
7.141273498535156250e+01 2.820153808593750000e+02
8.759796905517578125e+01 3.025208129882812500e+02
8.504157257080078125e+01 2.849860839843750000e+02
7.438800811767578125e+01 3.001578674316406250e+02
8.105515289306640625e+01 2.956878356933593750e+02
7.697234344482421875e+01 2.659318542480468750e+02
8.009614562988281250e+01 2.921251525878906250e+02
6.871901702880859375e+01 2.848752136230468750e+02
6.136584091186523438e+01 2.954715270996093750e+02
8.956575012207031250e+01 2.827498779296875000e+02
8.305463409423828125e+01 2.704844360351562500e+02
7.420192718505859375e+01 2.964124755859375000e+02
8.603690338134765625e+01 2.761784667968750000e+02
7.098096466064453125e+01 2.923133544921875000e+02
7.375021362304687500e+01 2.951633911132812500e+02
7.620632934570312500e+01 2.893421630859375000e+02
7.896966552734375000e+01 2.974052124023437500e+02
6.969184875488281250e+01 2.914588012695312500e+02
7.956653594970703125e+01 2.805917358398437500e+02
8.429975891113281250e+01 2.753221130371093750e+02
8.021933746337890625e+01 2.883904113769531250e+02
7.705440521240234375e+01 2.901515502929687500e+02
7.910707092285156250e+01 2.724917297363281250e+02
6.920519256591796875e+01 2.779438171386718750e+02
7.692128753662109375e+01 2.722303466796875000e+02
6.414154815673828125e+01 2.992208862304687500e+02
6.325948715209960938e+01 2.877736206054687500e+02
8.602168273925781250e+01 2.872467956542968750e+02
8.304000854492187500e+01 2.709252624511718750e+02
8.009140777587890625e+01 2.686563415527343750e+02
8.363880157470703125e+01 2.887241821289062500e+02
7.387383270263671875e+01 2.736040039062500000e+02
8.104363250732421875e+01 2.978948669433593750e+02
8.206136322021484375e+01 2.719093933105468750e+02
8.167766571044921875e+01 2.706286010742187500e+02
8.236586761474609375e+01 2.805811767578125000e+02
8.520691680908203125e+01 2.746641235351562500e+02
9.341173553466796875e+01 2.926134033203125000e+02
7.692821502685546875e+01 2.865312194824218750e+02
7.934793090820312500e+01 2.786938476562500000e+02
8.200231933593750000e+01 2.733435058593750000e+02
7.848773193359375000e+01 2.863554992675781250e+02
7.243827056884765625e+01 2.823591613769531250e+02
7.201847076416015625e+01 2.758587646484375000e+02
6.404943847656250000e+01 2.829549255371093750e+02
8.289662170410156250e+01 2.760205383300781250e+02
5.671308898925781250e+01 2.917542724609375000e+02
7.878282165527343750e+01 2.792481689453125000e+02
7.628981018066406250e+01 2.873394470214843750e+02
7.297943878173828125e+01 2.744031982421875000e+02
7.518663787841796875e+01 2.832270507812500000e+02
7.203722381591796875e+01 2.728397521972656250e+02
7.526850128173828125e+01 2.930466308593750000e+02
8.456695556640625000e+01 2.804630126953125000e+02
7.197472381591796875e+01 2.784916992187500000e+02
8.221350860595703125e+01 2.768338623046875000e+02
7.071946716308593750e+01 2.913749389648437500e+02
8.173999023437500000e+01 2.747194213867187500e+02
7.745390319824218750e+01 2.905213928222656250e+02
6.742747497558593750e+01 2.882569274902343750e+02
6.754129791259765625e+01 3.018648071289062500e+02
8.132556915283203125e+01 2.910712890625000000e+02
7.705492401123046875e+01 2.811656799316406250e+02
7.498167419433593750e+01 2.883430786132812500e+02
7.134439849853515625e+01 2.914913940429687500e+02
8.297470092773437500e+01 2.667661743164062500e+02
6.363652801513671875e+01 2.825626220703125000e+02
8.053046417236328125e+01 2.679197998046875000e+02
7.992950439453125000e+01 2.803683776855468750e+02
7.454206848144531250e+01 2.779588317871093750e+02
6.735903167724609375e+01 2.834658508300781250e+02
7.474456024169921875e+01 2.840433349609375000e+02
8.611573028564453125e+01 2.828508911132812500e+02
8.279885864257812500e+01 2.915786437988281250e+02
6.768669128417968750e+01 2.670986938476562500e+02
7.333343505859375000e+01 2.819055175781250000e+02
8.079063415527343750e+01 2.768650512695312500e+02
8.181326293945312500e+01 2.840949096679687500e+02
7.600388336181640625e+01 2.829958190917968750e+02
7.920709228515625000e+01 2.695800476074218750e+02
6.618943023681640625e+01 2.742198486328125000e+02
6.841268920898437500e+01 2.691106872558593750e+02
8.326023864746093750e+01 2.690507202148437500e+02
8.171621704101562500e+01 2.879109802246093750e+02
8.632361602783203125e+01 2.848012390136718750e+02
7.469713592529296875e+01 2.707168884277343750e+02
7.805940246582031250e+01 3.029119567871093750e+02
6.799697875976562500e+01 2.898297729492187500e+02
7.597480773925781250e+01 2.910187377929687500e+02
7.586511230468750000e+01 2.778780517578125000e+02
7.754460906982421875e+01 2.872990417480468750e+02
7.452107238769531250e+01 2.833312377929687500e+02
7.269620513916015625e+01 2.785099792480468750e+02
7.701522827148437500e+01 2.711501464843750000e+02
8.138037872314453125e+01 2.899578857421875000e+02
8.534500885009765625e+01 2.763154907226562500e+02
7.458115386962890625e+01 2.704941406250000000e+02
8.048330688476562500e+01 2.737934265136718750e+02
8.172118377685546875e+01 2.700039062500000000e+02
6.834317016601562500e+01 2.928986816406250000e+02
6.915944671630859375e+01 2.819471130371093750e+02
8.698507690429687500e+01 2.686806640625000000e+02
7.257299804687500000e+01 2.905144653320312500e+02
6.695873260498046875e+01 2.920692138671875000e+02
8.457322692871093750e+01 2.728284301757812500e+02
8.325050354003906250e+01 2.779655761718750000e+02
7.510477447509765625e+01 2.783673400878906250e+02
6.771938323974609375e+01 2.937738647460937500e+02
7.708103942871093750e+01 2.703651428222656250e+02
7.439614105224609375e+01 2.823072204589843750e+02
7.429140472412109375e+01 2.749303588867187500e+02
7.934439849853515625e+01 2.914809570312500000e+02
8.400052642822265625e+01 2.849264831542968750e+02
8.022166442871093750e+01 2.922313537597656250e+02
7.448332977294921875e+01 2.850892639160156250e+02
8.450253295898437500e+01 2.950467224121093750e+02
8.286594390869140625e+01 2.556859130859375000e+02
8.165744018554687500e+01 2.741968383789062500e+02
7.617265319824218750e+01 2.782618103027343750e+02
7.643780517578125000e+01 2.893665466308593750e+02
7.865123748779296875e+01 2.667483520507812500e+02
7.787583923339843750e+01 2.773647155761718750e+02
6.882353973388671875e+01 2.763303527832031250e+02
7.407139587402343750e+01 2.828900756835937500e+02
7.187978363037109375e+01 3.000601196289062500e+02
8.307714843750000000e+01 2.511664428710937500e+02
6.855604553222656250e+01 3.099866943359375000e+02
7.274192047119140625e+01 2.838644409179687500e+02
7.915662384033203125e+01 2.687734680175781250e+02
7.979890441894531250e+01 2.681689453125000000e+02
7.527808380126953125e+01 2.625774230957031250e+02
8.275318908691406250e+01 2.718985595703125000e+02
7.013629913330078125e+01 3.277183227539062500e+02
7.832043457031250000e+01 2.692214355468750000e+02
7.943543243408203125e+01 2.721509704589843750e+02
6.424003601074218750e+01 3.126233825683593750e+02
7.813343048095703125e+01 2.863972473144531250e+02
7.624366760253906250e+01 2.832592773437500000e+02
6.168631744384765625e+01 3.055140686035156250e+02
8.348776245117187500e+01 2.815977478027343750e+02
7.969174194335937500e+01 2.784291687011718750e+02
7.793087768554687500e+01 2.969549560546875000e+02
7.987055206298828125e+01 2.747803039550781250e+02
7.702543640136718750e+01 2.903342895507812500e+02
6.892230224609375000e+01 2.953617553710937500e+02
9.888722229003906250e+01 2.859387207031250000e+02
7.533454132080078125e+01 2.778571472167968750e+02
8.458801269531250000e+01 2.886669616699218750e+02
6.909281158447265625e+01 2.910017700195312500e+02
8.566656494140625000e+01 2.873992919921875000e+02
9.273003387451171875e+01 2.821653442382812500e+02
6.523402404785156250e+01 2.884213256835937500e+02
8.255551147460937500e+01 2.676447753906250000e+02
1.006224822998046875e+02 2.699421691894531250e+02
7.969681549072265625e+01 2.843433227539062500e+02
8.751282501220703125e+01 2.834335327148437500e+02
9.512082672119140625e+01 2.627781677246093750e+02
7.050405120849609375e+01 2.901100463867187500e+02
7.085990142822265625e+01 2.916246643066406250e+02
7.815888214111328125e+01 2.726173095703125000e+02
7.426254272460937500e+01 2.788908691406250000e+02
8.336194610595703125e+01 2.990921325683593750e+02
8.507322692871093750e+01 2.684888610839843750e+02
7.063603973388671875e+01 2.904921875000000000e+02
8.527620697021484375e+01 2.948703613281250000e+02
8.325825500488281250e+01 2.547532348632812500e+02
6.894509124755859375e+01 2.760877380371093750e+02
7.638803863525390625e+01 2.913584899902343750e+02
7.772797393798828125e+01 2.835592041015625000e+02
7.391925811767578125e+01 2.825576782226562500e+02
7.075518035888671875e+01 2.923972167968750000e+02
7.447143554687500000e+01 2.817128906250000000e+02
9.024317169189453125e+01 2.866927490234375000e+02
6.227477645874023438e+01 2.878037719726562500e+02
8.036342620849609375e+01 2.706927185058593750e+02
7.277697753906250000e+01 2.870899353027343750e+02
8.040143585205078125e+01 3.026228027343750000e+02
7.540276336669921875e+01 3.041271667480468750e+02
8.311476135253906250e+01 2.949511108398437500e+02
7.358963775634765625e+01 2.851970520019531250e+02
7.004127502441406250e+01 2.774217529296875000e+02
8.212474822998046875e+01 2.865482177734375000e+02
7.607221221923828125e+01 2.699164428710937500e+02
7.607902526855468750e+01 2.664939880371093750e+02
6.809151458740234375e+01 2.858364868164062500e+02
7.962360382080078125e+01 2.671884155273437500e+02
7.576832580566406250e+01 2.953085937500000000e+02
8.512642669677734375e+01 2.803689880371093750e+02
7.931667327880859375e+01 2.707814941406250000e+02
8.029493713378906250e+01 2.827217102050781250e+02
6.884170532226562500e+01 2.814480895996093750e+02
7.163224792480468750e+01 2.678127136230468750e+02
7.062428283691406250e+01 2.831889038085937500e+02
8.244300842285156250e+01 2.821275634765625000e+02
8.267330932617187500e+01 2.723088378906250000e+02
7.828719329833984375e+01 2.643035888671875000e+02
7.881011962890625000e+01 2.742286987304687500e+02
8.797901153564453125e+01 2.875427551269531250e+02
8.603039550781250000e+01 2.682368469238281250e+02
7.022527313232421875e+01 2.807895507812500000e+02
8.342864990234375000e+01 2.787100830078125000e+02
8.179180908203125000e+01 2.731042480468750000e+02
7.809129333496093750e+01 2.729571533203125000e+02
8.396862792968750000e+01 2.884443969726562500e+02
8.288094329833984375e+01 2.757790527343750000e+02
8.119618225097656250e+01 2.695515747070312500e+02
8.367002868652343750e+01 2.680131835937500000e+02
7.063861846923828125e+01 2.782111816406250000e+02
6.595311737060546875e+01 2.920888977050781250e+02
8.039400482177734375e+01 2.723784484863281250e+02
8.062380218505859375e+01 2.864868774414062500e+02
8.240623474121093750e+01 2.722648620605468750e+02
7.065862274169921875e+01 2.841666870117187500e+02
6.741550445556640625e+01 2.900450134277343750e+02
7.227850341796875000e+01 2.628831481933593750e+02
7.302583312988281250e+01 2.896431579589843750e+02
8.253250122070312500e+01 2.824966430664062500e+02
7.569024658203125000e+01 2.835022277832031250e+02
8.132390594482421875e+01 2.931995849609375000e+02
8.438991546630859375e+01 2.657445678710937500e+02
7.808644866943359375e+01 2.848973083496093750e+02
8.453147125244140625e+01 2.897413940429687500e+02
7.119215393066406250e+01 2.646514892578125000e+02
7.803870391845703125e+01 2.672510681152343750e+02
8.022352600097656250e+01 2.852995300292968750e+02
7.619145202636718750e+01 3.027879638671875000e+02
7.751100158691406250e+01 2.849067382812500000e+02
7.684803771972656250e+01 2.934469604492187500e+02
8.668070220947265625e+01 2.541813659667968750e+02
8.350714874267578125e+01 2.834793701171875000e+02
7.447982788085937500e+01 2.774333496093750000e+02
7.161636352539062500e+01 2.731665344238281250e+02
8.106661987304687500e+01 2.865171203613281250e+02
7.876540374755859375e+01 2.724706726074218750e+02
8.603374481201171875e+01 2.783673095703125000e+02
9.018701171875000000e+01 2.869775390625000000e+02
8.491725158691406250e+01 2.792535400390625000e+02
7.740023803710937500e+01 2.786344604492187500e+02
8.146120452880859375e+01 2.659523925781250000e+02
7.420556640625000000e+01 2.840378112792968750e+02
8.294593811035156250e+01 2.814103088378906250e+02
9.030184173583984375e+01 2.757471923828125000e+02
7.324217987060546875e+01 2.795365600585937500e+02
8.057709503173828125e+01 2.760451965332031250e+02
7.696629333496093750e+01 3.016676330566406250e+02
8.727163696289062500e+01 2.665257568359375000e+02
7.734272766113281250e+01 2.592224426269531250e+02
7.826522064208984375e+01 2.841259155273437500e+02
7.333026123046875000e+01 2.832091979980468750e+02
8.960640716552734375e+01 2.703180847167968750e+02
7.452875518798828125e+01 2.717222290039062500e+02
9.152372741699218750e+01 2.597130737304687500e+02
8.578816223144531250e+01 2.734578857421875000e+02
8.963955688476562500e+01 2.619900512695312500e+02
8.161935424804687500e+01 2.725149230957031250e+02
8.955763244628906250e+01 2.468090515136718750e+02
8.866482543945312500e+01 2.572786865234375000e+02
7.261412811279296875e+01 2.938107604980468750e+02
7.131326293945312500e+01 2.807966613769531250e+02
7.732325744628906250e+01 2.902174072265625000e+02
8.146035003662109375e+01 2.624518432617187500e+02
7.629569244384765625e+01 2.861695556640625000e+02
6.967191314697265625e+01 2.741903686523437500e+02
7.153481292724609375e+01 2.965710144042968750e+02
7.167112731933593750e+01 2.800842895507812500e+02
6.733031463623046875e+01 2.755159912109375000e+02
7.451138305664062500e+01 2.757733764648437500e+02
7.683425140380859375e+01 2.697728271484375000e+02
6.649333953857421875e+01 2.741139526367187500e+02
7.206761932373046875e+01 2.743461608886718750e+02
8.207630157470703125e+01 2.952847900390625000e+02
7.930895996093750000e+01 2.706937561035156250e+02
6.954874420166015625e+01 2.698282165527343750e+02
7.577790069580078125e+01 2.790460815429687500e+02
7.811894989013671875e+01 2.768213195800781250e+02
8.787149047851562500e+01 2.716983032226562500e+02
6.904833221435546875e+01 2.891478576660156250e+02
8.315816497802734375e+01 2.706131286621093750e+02
7.267621612548828125e+01 2.861549987792968750e+02
7.123377227783203125e+01 2.761535644531250000e+02
7.994209289550781250e+01 2.722415466308593750e+02
7.531719207763671875e+01 2.646807250976562500e+02
8.453123474121093750e+01 2.724599609375000000e+02
7.163900756835937500e+01 2.707037048339843750e+02
8.183917236328125000e+01 2.629436340332031250e+02
8.322439575195312500e+01 2.583450622558593750e+02
6.882402801513671875e+01 2.861848754882812500e+02
6.453923797607421875e+01 2.817368774414062500e+02
7.647252655029296875e+01 2.726643981933593750e+02
6.850382995605468750e+01 2.737631835937500000e+02
7.332026672363281250e+01 2.661016235351562500e+02
7.142817687988281250e+01 2.585094909667968750e+02
8.748655700683593750e+01 2.814620971679687500e+02
8.478085327148437500e+01 2.809360961914062500e+02
7.965760803222656250e+01 2.749623718261718750e+02
8.742530822753906250e+01 2.863963317871093750e+02
9.488244628906250000e+01 2.788050537109375000e+02
7.201432800292968750e+01 2.714217224121093750e+02
9.294715118408203125e+01 2.678599243164062500e+02
6.567347717285156250e+01 2.775434570312500000e+02
7.331549072265625000e+01 2.659393310546875000e+02
9.899428558349609375e+01 2.806434631347656250e+02
8.741382598876953125e+01 2.718508300781250000e+02
7.311062622070312500e+01 2.948464355468750000e+02
6.456345367431640625e+01 2.763417053222656250e+02
8.029027557373046875e+01 2.810213928222656250e+02
