8.656498718261718750e+01 2.678262481689453125e+02
8.158114624023437500e+01 2.803369445800781250e+02
8.936064147949218750e+01 2.950900039672851562e+02
8.978618621826171875e+01 2.633095397949218750e+02
9.793349456787109375e+01 2.834747772216796875e+02
6.835067749023437500e+01 2.901216812133789062e+02
9.782759857177734375e+01 2.588913955688476562e+02
8.888961791992187500e+01 2.765528030395507812e+02
8.393569946289062500e+01 2.691570816040039062e+02
7.697435760498046875e+01 2.832574310302734375e+02
7.981674194335937500e+01 2.650317230224609375e+02
9.196374511718750000e+01 2.890160217285156250e+02
7.154725646972656250e+01 2.881389541625976562e+02
8.655084228515625000e+01 2.557451934814453125e+02
8.757737731933593750e+01 2.920791549682617188e+02
6.777602386474609375e+01 2.776173782348632812e+02
8.932282257080078125e+01 3.000181922912597656e+02
8.119287872314453125e+01 2.777340316772460938e+02
6.870468139648437500e+01 2.859209060668945312e+02
7.736917877197265625e+01 2.765980834960937500e+02
7.286305999755859375e+01 2.852214660644531250e+02
8.088706207275390625e+01 2.641272583007812500e+02
7.175610351562500000e+01 2.927722625732421875e+02
7.425569152832031250e+01 2.900747222900390625e+02
6.906043243408203125e+01 2.746495208740234375e+02
8.341225433349609375e+01 2.802884902954101562e+02
7.866905212402343750e+01 2.947308120727539062e+02
8.536410522460937500e+01 2.810624389648437500e+02
7.349834442138671875e+01 2.894131698608398438e+02
7.933766174316406250e+01 2.842547149658203125e+02
8.547296905517578125e+01 2.790204696655273438e+02
8.696306610107421875e+01 2.820094985961914062e+02
8.789094543457031250e+01 2.622388381958007812e+02
7.886847686767578125e+01 2.824928741455078125e+02
7.813396453857421875e+01 2.744523773193359375e+02
8.476618957519531250e+01 2.598569793701171875e+02
7.972696685791015625e+01 2.825070495605468750e+02
7.783185577392578125e+01 2.761739273071289062e+02
7.223313903808593750e+01 2.929056549072265625e+02
8.554491424560546875e+01 2.812195434570312500e+02
8.632324218750000000e+01 2.712120590209960938e+02
7.703279876708984375e+01 2.891942901611328125e+02
7.556034088134765625e+01 2.869495849609375000e+02
8.464824676513671875e+01 2.841635284423828125e+02
9.149678039550781250e+01 2.673780822753906250e+02
8.232689666748046875e+01 2.754498825073242188e+02
7.753783416748046875e+01 2.885089569091796875e+02
6.752500915527343750e+01 2.746579513549804688e+02
9.447251129150390625e+01 2.796281661987304688e+02
8.683504486083984375e+01 2.651178665161132812e+02
8.757141876220703125e+01 2.773853683471679688e+02
7.393593597412109375e+01 2.915576477050781250e+02
7.798530578613281250e+01 2.901099929809570312e+02
6.526346588134765625e+01 2.636413192749023438e+02
7.514066314697265625e+01 2.772936859130859375e+02
8.493431091308593750e+01 2.683096771240234375e+02
7.533134460449218750e+01 2.790896682739257812e+02
8.750830078125000000e+01 2.865737380981445312e+02
8.741815948486328125e+01 2.703265762329101562e+02
7.477119445800781250e+01 2.926097030639648438e+02
8.213218688964843750e+01 2.901710357666015625e+02
7.511758422851562500e+01 2.943007049560546875e+02
7.849306488037109375e+01 2.935803298950195312e+02
7.922329711914062500e+01 2.900291366577148438e+02
7.696591949462890625e+01 2.727673950195312500e+02
9.127846527099609375e+01 2.755614547729492188e+02
7.480580902099609375e+01 2.913549652099609375e+02
8.514310455322265625e+01 2.658347320556640625e+02
6.822301483154296875e+01 2.811518478393554688e+02
8.608835601806640625e+01 2.764132690429687500e+02
8.253466796875000000e+01 3.008879394531250000e+02
8.718180847167968750e+01 2.787102966308593750e+02
7.428669738769531250e+01 2.646842803955078125e+02
7.259114837646484375e+01 2.708944091796875000e+02
7.007711029052734375e+01 2.854417877197265625e+02
7.539404296875000000e+01 2.640478668212890625e+02
9.565364074707031250e+01 2.631043930053710938e+02
7.054445648193359375e+01 2.755560302734375000e+02
8.641094970703125000e+01 2.795027770996093750e+02
8.362722778320312500e+01 2.803389968872070312e+02
7.575723266601562500e+01 2.856533126831054688e+02
7.570322418212890625e+01 2.781756134033203125e+02
7.578999328613281250e+01 2.872770080566406250e+02
7.784792327880859375e+01 2.710571212768554688e+02
6.415133666992187500e+01 2.925335693359375000e+02
6.308288192749023438e+01 2.704157485961914062e+02
7.897777557373046875e+01 2.652327651977539062e+02
8.166184997558593750e+01 2.722665405273437500e+02
6.567350006103515625e+01 2.892496643066406250e+02
7.543966674804687500e+01 2.825876693725585938e+02
7.959564208984375000e+01 2.839760055541992188e+02
7.045096588134765625e+01 2.626236495971679688e+02
8.311885070800781250e+01 2.799897003173828125e+02
6.771208953857421875e+01 2.567603149414062500e+02
7.936603546142578125e+01 2.662063446044921875e+02
6.495687103271484375e+01 2.835599899291992188e+02
7.753403472900390625e+01 2.653307037353515625e+02
5.687686920166015625e+01 2.769227523803710938e+02
6.094307327270507812e+01 2.754991607666015625e+02
6.022542190551757812e+01 2.880453109741210938e+02
6.850627899169921875e+01 2.901863861083984375e+02
6.305757904052734375e+01 2.667130508422851562e+02
8.110055541992187500e+01 2.574323577880859375e+02
6.205385208129882812e+01 2.753394699096679688e+02
7.548996734619140625e+01 2.767826004028320312e+02
7.407621765136718750e+01 2.738559799194335938e+02
6.697494506835937500e+01 2.761298217773437500e+02
6.958147430419921875e+01 2.633094177246093750e+02
5.990431213378906250e+01 2.712678680419921875e+02
6.855049896240234375e+01 2.776878814697265625e+02
6.614969635009765625e+01 2.814644241333007812e+02
7.849581146240234375e+01 2.655320434570312500e+02
6.613904571533203125e+01 2.678447952270507812e+02
7.263813018798828125e+01 2.919155960083007812e+02
6.240213775634765625e+01 2.751814880371093750e+02
7.574485778808593750e+01 2.610729598999023438e+02
7.968968200683593750e+01 2.652579345703125000e+02
7.936749267578125000e+01 2.766230773925781250e+02
7.436780548095703125e+01 2.773357772827148438e+02
8.878407287597656250e+01 2.821860427856445312e+02
7.667121887207031250e+01 2.720355224609375000e+02
6.907166290283203125e+01 2.839982299804687500e+02
7.863046264648437500e+01 2.825228652954101562e+02
6.875323486328125000e+01 2.594168243408203125e+02
8.352843475341796875e+01 2.646639022827148438e+02
6.896560668945312500e+01 2.522931518554687500e+02
8.446720886230468750e+01 2.725178222656250000e+02
7.100837707519531250e+01 2.923628082275390625e+02
7.651692962646484375e+01 2.714560775756835938e+02
8.304124450683593750e+01 2.781257705688476562e+02
6.337562561035156250e+01 2.768321304321289062e+02
8.391591644287109375e+01 2.682750778198242188e+02
7.995591735839843750e+01 2.885679779052734375e+02
9.397023773193359375e+01 2.717714080810546875e+02
5.722690963745117188e+01 2.954872360229492188e+02
6.778027343750000000e+01 2.690261535644531250e+02
7.594589996337890625e+01 2.695175552368164062e+02
6.870526885986328125e+01 2.863212814331054688e+02
7.994715118408203125e+01 2.875785293579101562e+02
7.661157226562500000e+01 2.943017196655273438e+02
7.503646850585937500e+01 2.568726806640625000e+02
7.712764739990234375e+01 2.983306961059570312e+02
7.049252319335937500e+01 2.806819229125976562e+02
7.943920898437500000e+01 2.882203903198242188e+02
7.725838470458984375e+01 2.755247573852539062e+02
8.357398223876953125e+01 2.753679885864257812e+02
7.839518737792968750e+01 2.807126541137695312e+02
8.649054718017578125e+01 2.829000320434570312e+02
8.832105255126953125e+01 2.896530990600585938e+02
5.475209045410156250e+01 2.845204086303710938e+02
8.284164428710937500e+01 2.627150192260742188e+02
8.340433502197265625e+01 2.623520431518554688e+02
6.654232025146484375e+01 2.539376220703125000e+02
7.616313934326171875e+01 2.761762313842773438e+02
6.908262634277343750e+01 2.880784835815429688e+02
9.463607025146484375e+01 2.522207412719726562e+02
8.323786163330078125e+01 2.783238601684570312e+02
8.636510467529296875e+01 2.612873840332031250e+02
9.211810302734375000e+01 2.722877349853515625e+02
7.601016998291015625e+01 3.029485244750976562e+02
7.928659820556640625e+01 2.749784088134765625e+02
8.257478332519531250e+01 2.599639205932617188e+02
7.904710388183593750e+01 2.860073242187500000e+02
8.344889831542968750e+01 2.660948104858398438e+02
7.611722564697265625e+01 2.865613021850585938e+02
7.527224731445312500e+01 3.030468940734863281e+02
6.241888046264648438e+01 2.765468139648437500e+02
7.460644531250000000e+01 2.820130920410156250e+02
7.564718627929687500e+01 2.759181365966796875e+02
1.788966064453125000e+02 2.701262893676757812e+02
1.631567535400390625e+02 6.368048095703125000e+01
1.691590728759765625e+02 1.028388137817382812e+02
1.798776550292968750e+02 7.008127593994140625e+01
1.557365417480468750e+02 8.857556152343750000e+01
9.305358123779296875e+01 2.703014450073242188e+02
7.526721954345703125e+01 2.696815948486328125e+02
9.308489227294921875e+01 2.761455459594726562e+02
8.110152435302734375e+01 2.849042510986328125e+02
6.464604949951171875e+01 2.708564376831054688e+02
9.051140594482421875e+01 2.840119323730468750e+02
7.910640716552734375e+01 2.833182907104492188e+02
7.107990264892578125e+01 2.771064071655273438e+02
6.304769897460937500e+01 2.993493690490722656e+02
7.676317596435546875e+01 2.809442062377929688e+02
8.147124481201171875e+01 2.730513458251953125e+02
1.038471908569335938e+02 2.443163604736328125e+02
7.248334503173828125e+01 2.662276535034179688e+02
7.838567352294921875e+01 2.691683425903320312e+02
8.501150512695312500e+01 2.641938171386718750e+02
7.773387145996093750e+01 2.747718429565429688e+02
7.155761718750000000e+01 2.664339599609375000e+02
8.593992614746093750e+01 2.832457733154296875e+02
8.089463806152343750e+01 2.810012741088867188e+02
7.888695526123046875e+01 2.917998123168945312e+02
7.387063598632812500e+01 2.642856826782226562e+02
8.009561157226562500e+01 2.759488601684570312e+02
8.810202026367187500e+01 2.727710113525390625e+02
8.253125762939453125e+01 2.636758956909179688e+02
7.158168029785156250e+01 2.807485809326171875e+02
7.523096466064453125e+01 2.745322952270507812e+02
8.252927398681640625e+01 2.788791275024414062e+02
9.267641448974609375e+01 2.789056167602539062e+02
7.697067260742187500e+01 2.611618194580078125e+02
8.670758056640625000e+01 2.906599731445312500e+02
8.348829650878906250e+01 2.891950836181640625e+02
8.281851959228515625e+01 2.786347351074218750e+02
9.702514648437500000e+01 2.593885574340820312e+02
8.030523681640625000e+01 2.756436538696289062e+02
7.125098419189453125e+01 2.873859558105468750e+02
5.959152603149414062e+01 2.932284622192382812e+02
5.905304718017578125e+01 2.779205093383789062e+02
7.893714904785156250e+01 2.890778045654296875e+02
7.171889495849609375e+01 2.789321212768554688e+02
6.655581665039062500e+01 2.677523269653320312e+02
7.703160095214843750e+01 2.840080490112304688e+02
9.060649871826171875e+01 2.788543090820312500e+02
8.291087341308593750e+01 2.705319976806640625e+02
7.453181457519531250e+01 2.712342453002929688e+02
7.893597412109375000e+01 2.917109909057617188e+02
7.963815307617187500e+01 2.726370925903320312e+02
6.634384155273437500e+01 2.922390136718750000e+02
7.367485809326171875e+01 2.754386215209960938e+02
8.218975830078125000e+01 2.895167160034179688e+02
6.716045379638671875e+01 2.982927398681640625e+02
7.272829437255859375e+01 2.708108596801757812e+02
6.886041259765625000e+01 2.907628936767578125e+02
6.822693634033203125e+01 2.698806076049804688e+02
8.290034484863281250e+01 2.858815002441406250e+02
8.196245574951171875e+01 2.800778503417968750e+02
1.640508575439453125e+02 6.797702026367187500e+01
1.819586944580078125e+02 8.136707305908203125e+01
1.692803039550781250e+02 1.086646575927734375e+02
1.743515319824218750e+02 1.059363479614257812e+02
1.932990112304687500e+02 7.939680480957031250e+01
1.914947814941406250e+02 8.904756927490234375e+01
1.784028778076171875e+02 9.837353515625000000e+01
6.095123291015625000e+01 2.640430908203125000e+02
7.420522308349609375e+01 2.709242172241210938e+02
6.951518249511718750e+01 2.912531661987304688e+02
6.955256652832031250e+01 2.814099502563476562e+02
7.028860473632812500e+01 2.770878829956054688e+02
7.687305450439453125e+01 2.535280838012695312e+02
7.019792175292968750e+01 2.908228378295898438e+02
7.256382751464843750e+01 2.880680999755859375e+02
7.073220825195312500e+01 2.560922241210937500e+02
7.947595977783203125e+01 2.811239547729492188e+02
8.082373046875000000e+01 2.561322402954101562e+02
8.267314147949218750e+01 2.670723876953125000e+02
8.487668609619140625e+01 2.424412460327148438e+02
8.900011444091796875e+01 2.734838638305664062e+02
8.386579132080078125e+01 2.723924255371093750e+02
8.301188659667968750e+01 2.711791305541992188e+02
8.915121459960937500e+01 2.614072189331054688e+02
7.616185760498046875e+01 2.980846481323242188e+02
8.947370910644531250e+01 2.469196548461914062e+02
8.072978210449218750e+01 2.822486801147460938e+02
6.313285446166992188e+01 2.632059020996093750e+02
7.563410186767578125e+01 3.020519485473632812e+02
8.043491363525390625e+01 2.774103698730468750e+02
7.474559783935546875e+01 2.698769607543945312e+02
7.105884552001953125e+01 2.860074386596679688e+02
7.599172973632812500e+01 2.804105987548828125e+02
8.449451446533203125e+01 2.879423370361328125e+02
6.950928497314453125e+01 2.790547866821289062e+02
7.956296539306640625e+01 2.796313476562500000e+02
7.980003356933593750e+01 2.764848480224609375e+02
7.784414672851562500e+01 2.705197601318359375e+02
7.079489135742187500e+01 2.646085586547851562e+02
8.477955627441406250e+01 2.871151809692382812e+02
8.029756927490234375e+01 2.840627212524414062e+02
8.238424682617187500e+01 2.903896942138671875e+02
6.416382598876953125e+01 2.692137451171875000e+02
7.367261505126953125e+01 2.900907821655273438e+02
7.490534210205078125e+01 2.824482955932617188e+02
7.509344482421875000e+01 2.746387481689453125e+02
7.052860260009765625e+01 2.717866973876953125e+02
7.865146636962890625e+01 2.656542739868164062e+02
7.175514221191406250e+01 2.738129653930664062e+02
7.405268096923828125e+01 2.612973861694335938e+02
6.493667602539062500e+01 2.954165802001953125e+02
6.130236434936523438e+01 2.841585540771484375e+02
6.495353698730468750e+01 2.675424041748046875e+02
6.787884521484375000e+01 2.753631820678710938e+02
6.950521087646484375e+01 2.753432998657226562e+02
7.678617095947265625e+01 2.759913330078125000e+02
5.742079925537109375e+01 2.868835296630859375e+02
5.937590026855468750e+01 2.808915100097656250e+02
6.660315704345703125e+01 2.989472579956054688e+02
9.888144683837890625e+01 2.473436279296875000e+02
8.556864929199218750e+01 2.665676193237304688e+02
7.168560028076171875e+01 2.855138473510742188e+02
8.420602416992187500e+01 2.887731246948242188e+02
5.910429000854492188e+01 2.842196960449218750e+02
7.038687133789062500e+01 2.839704132080078125e+02
7.671968841552734375e+01 2.795402221679687500e+02
7.132894897460937500e+01 2.704287643432617188e+02
6.102525711059570312e+01 2.810409240722656250e+02
6.521028900146484375e+01 2.894824752807617188e+02
6.561293792724609375e+01 2.881707611083984375e+02
9.634282684326171875e+01 2.858714523315429688e+02
7.836088562011718750e+01 2.783417434692382812e+02
7.360788726806640625e+01 2.898775405883789062e+02
6.913987731933593750e+01 2.985156288146972656e+02
7.996263885498046875e+01 2.760911560058593750e+02
6.406194305419921875e+01 2.875270919799804688e+02
8.673323059082031250e+01 2.613159561157226562e+02
7.719834136962890625e+01 2.595927200317382812e+02
8.196892547607421875e+01 2.693076705932617188e+02
7.480519866943359375e+01 2.747864913940429688e+02
8.080429840087890625e+01 2.687037963867187500e+02
8.342337799072265625e+01 3.031049842834472656e+02
7.998342132568359375e+01 2.634739456176757812e+02
6.357383346557617188e+01 2.770870971679687500e+02
7.971562957763671875e+01 2.556420822143554688e+02
7.314983367919921875e+01 2.903697052001953125e+02
7.621579742431640625e+01 2.658091049194335938e+02
8.146171569824218750e+01 2.839826583862304688e+02
8.976651000976562500e+01 2.824606857299804688e+02
7.194255828857421875e+01 2.752449035644531250e+02
6.326622390747070312e+01 2.763811874389648438e+02
7.725756072998046875e+01 8.962377166748046875e+01
8.466464996337890625e+01 8.925312805175781250e+01
7.594654083251953125e+01 8.963208007812500000e+01
7.671214294433593750e+01 9.151354217529296875e+01
8.361110687255859375e+01 1.033621444702148438e+02
1.609850616455078125e+02 8.245264434814453125e+01
1.615131835937500000e+02 7.217501068115234375e+01
1.692243041992187500e+02 1.260914840698242188e+02
2.015850372314453125e+02 1.864440307617187500e+02
1.685022583007812500e+02 7.415501403808593750e+01
1.901850433349609375e+02 8.701538848876953125e+01
1.616735687255859375e+02 1.101574325561523438e+02
1.776026916503906250e+02 1.290560455322265625e+02
1.738135681152343750e+02 9.497805023193359375e+01
1.700416412353515625e+02 9.567564392089843750e+01
1.563948974609375000e+02 6.063533782958984375e+01
1.559838104248046875e+02 7.606600952148437500e+01
1.637243041992187500e+02 8.508864593505859375e+01
1.740731811523437500e+02 1.111508102416992188e+02
1.666663055419921875e+02 1.016078567504882812e+02
1.532234649658203125e+02 7.555666351318359375e+01
1.797110290527343750e+02 9.133645629882812500e+01
1.651951904296875000e+02 9.186324310302734375e+01
1.857136688232421875e+02 9.225202941894531250e+01
1.740287628173828125e+02 9.739848327636718750e+01
1.688021392822265625e+02 1.196690673828125000e+02
1.787879638671875000e+02 1.055887069702148438e+02
1.834378814697265625e+02 1.052495269775390625e+02
1.842836456298828125e+02 7.280103302001953125e+01
1.552402648925781250e+02 8.212954711914062500e+01
1.712362976074218750e+02 1.138249435424804688e+02
1.723936920166015625e+02 1.006123809814453125e+02
1.670195312500000000e+02 1.278566970825195312e+02
1.732578125000000000e+02 1.107990570068359375e+02
1.770045928955078125e+02 1.135549240112304688e+02
1.634260101318359375e+02 1.042088165283203125e+02
1.652357788085937500e+02 8.989321136474609375e+01
1.612841491699218750e+02 1.118880767822265625e+02
1.756807250976562500e+02 1.039865570068359375e+02
1.836361236572265625e+02 6.496623992919921875e+01
1.702612762451171875e+02 1.142239151000976562e+02
1.609257354736328125e+02 9.538263702392578125e+01
1.655066223144531250e+02 9.417166137695312500e+01
2.055438537597656250e+02 5.319672775268554688e+01
1.796746063232421875e+02 7.178289031982421875e+01
1.839390106201171875e+02 2.617149353027343750e+02
1.928170166015625000e+02 5.535238265991210938e+01
1.763087463378906250e+02 1.679858093261718750e+02
1.952724761962890625e+02 2.500874481201171875e+02
1.810764770507812500e+02 4.871038055419921875e+01
1.698222503662109375e+02 7.795822143554687500e+01
1.906815490722656250e+02 1.140693969726562500e+02
1.550590667724609375e+02 8.622280120849609375e+01
1.714596405029296875e+02 1.101913833618164062e+02
1.702608184814453125e+02 8.667604827880859375e+01
1.577620239257812500e+02 1.198666305541992188e+02
1.540907135009765625e+02 1.088570785522460938e+02
1.635080413818359375e+02 1.246432800292968750e+02
1.734022827148437500e+02 8.843231201171875000e+01
1.643526458740234375e+02 1.104415435791015625e+02
1.725755004882812500e+02 1.341589355468750000e+02
1.652913665771484375e+02 7.595104980468750000e+01
1.734828643798828125e+02 1.215747985839843750e+02
1.699433746337890625e+02 1.100840225219726562e+02
1.853489074707031250e+02 9.976194000244140625e+01
1.688170928955078125e+02 1.161952285766601562e+02
1.588222961425781250e+02 1.162186965942382812e+02
1.793039550781250000e+02 1.275397033691406250e+02
1.703319854736328125e+02 1.049682159423828125e+02
1.784722900390625000e+02 1.119707031250000000e+02
1.812103729248046875e+02 8.859317016601562500e+01
1.940178375244140625e+02 1.729024658203125000e+02
1.671426239013671875e+02 9.670993041992187500e+01
1.699582672119140625e+02 1.111114730834960938e+02
1.569787445068359375e+02 1.038349380493164062e+02
1.742158355712890625e+02 1.049915924072265625e+02
1.783136444091796875e+02 9.416146087646484375e+01
6.618973541259765625e+01 2.725140914916992188e+02
7.391865539550781250e+01 2.598481826782226562e+02
6.970288085937500000e+01 2.734172668457031250e+02
7.696166229248046875e+01 2.855542297363281250e+02
7.613241577148437500e+01 2.584514617919921875e+02
6.969756317138671875e+01 2.816521377563476562e+02
7.053697967529296875e+01 2.642445068359375000e+02
6.830380249023437500e+01 2.759421920776367188e+02
6.785592651367187500e+01 2.522054519653320312e+02
7.121110534667968750e+01 2.589708938598632812e+02
7.167750549316406250e+01 2.803117980957031250e+02
8.272152709960937500e+01 2.582240676879882812e+02
7.938335418701171875e+01 2.445093612670898438e+02
7.350646972656250000e+01 2.660189132690429688e+02
7.565130615234375000e+01 2.620792617797851562e+02
7.606619262695312500e+01 2.722201385498046875e+02
7.375813293457031250e+01 2.693030548095703125e+02
6.769316864013671875e+01 2.747688980102539062e+02
7.658804321289062500e+01 2.762501754760742188e+02
6.804721069335937500e+01 2.702226943969726562e+02
8.058967590332031250e+01 3.027986602783203125e+02
7.894899749755859375e+01 2.710857315063476562e+02
7.204769134521484375e+01 2.910021438598632812e+02
7.063346862792968750e+01 2.699688949584960938e+02
7.203261566162109375e+01 2.786368942260742188e+02
5.906124877929687500e+01 2.657385940551757812e+02
6.193096160888671875e+01 2.554201507568359375e+02
8.540249633789062500e+01 2.558687896728515625e+02
6.205051040649414062e+01 2.615494689941406250e+02
6.621559143066406250e+01 2.490140075683593750e+02
5.551049804687500000e+01 2.741727294921875000e+02
7.357045745849609375e+01 2.633312683105468750e+02
6.673791503906250000e+01 2.708452072143554688e+02
7.991712951660156250e+01 2.778297348022460938e+02
7.187657928466796875e+01 2.693216094970703125e+02
7.371395111083984375e+01 2.876784591674804688e+02
5.355025482177734375e+01 2.812960662841796875e+02
8.572908020019531250e+01 2.442999877929687500e+02
5.251248931884765625e+01 2.692248306274414062e+02
6.876727294921875000e+01 2.717887039184570312e+02
6.446164703369140625e+01 2.534993133544921875e+02
5.448556137084960938e+01 2.628591079711914062e+02
7.737345123291015625e+01 2.722894821166992188e+02
6.163819885253906250e+01 2.715513229370117188e+02
5.763717269897460938e+01 2.828785781860351562e+02
7.577338409423828125e+01 2.653428344726562500e+02
6.885496520996093750e+01 2.619450149536132812e+02
8.373686981201171875e+01 2.654885330200195312e+02
5.561352920532226562e+01 2.750249099731445312e+02
6.041389465332031250e+01 2.589650497436523438e+02
7.137581634521484375e+01 2.596504516601562500e+02
7.305247497558593750e+01 2.854672012329101562e+02
6.525545501708984375e+01 2.684262847900390625e+02
6.344090652465820312e+01 2.637246551513671875e+02
6.047513580322265625e+01 2.755479431152343750e+02
6.389963150024414062e+01 2.719156875610351562e+02
8.352722930908203125e+01 2.629220962524414062e+02
8.005679321289062500e+01 2.728644027709960938e+02
6.549222564697265625e+01 2.769480514526367188e+02
7.351963806152343750e+01 2.536648178100585938e+02
5.964710617065429688e+01 2.741096954345703125e+02
8.047858428955078125e+01 2.764170379638671875e+02
7.614509582519531250e+01 2.549161224365234375e+02
6.612654113769531250e+01 2.822887115478515625e+02
7.069450378417968750e+01 2.646228256225585938e+02
6.348465347290039062e+01 2.726574554443359375e+02
5.971350860595703125e+01 2.759087905883789062e+02
8.385085296630859375e+01 2.511147003173828125e+02
7.007538604736328125e+01 2.765313339233398438e+02
6.756353759765625000e+01 2.515862121582031250e+02
7.192277526855468750e+01 2.813429718017578125e+02
6.868894958496093750e+01 2.650698623657226562e+02
6.333755874633789062e+01 2.751651992797851562e+02
5.549036788940429688e+01 2.678632431030273438e+02
5.841339492797851562e+01 2.582917556762695312e+02
8.215155792236328125e+01 2.653403930664062500e+02
6.331634902954101562e+01 2.636924819946289062e+02
5.503124237060546875e+01 2.795874023437500000e+02
7.898989868164062500e+01 2.628588867187500000e+02
6.791506958007812500e+01 2.779287338256835938e+02
9.765666198730468750e+01 2.591361389160156250e+02
8.116065216064453125e+01 2.496535568237304688e+02
7.118733215332031250e+01 2.692109603881835938e+02
7.802642059326171875e+01 2.751010284423828125e+02
4.660808944702148438e+01 2.777934417724609375e+02
6.278622436523437500e+01 2.753904037475585938e+02
6.285960006713867188e+01 2.781419448852539062e+02
8.541925048828125000e+01 2.837456130981445312e+02
7.370089721679687500e+01 2.523899230957031250e+02
8.637020874023437500e+01 2.536899337768554688e+02
6.638151550292968750e+01 2.446896667480468750e+02
7.058547973632812500e+01 2.711238784790039062e+02
6.434005737304687500e+01 2.728352279663085938e+02
8.871162414550781250e+01 2.737724533081054688e+02
8.556255340576171875e+01 2.479991989135742188e+02
6.478667449951171875e+01 2.715045700073242188e+02
5.389765548706054688e+01 2.566220550537109375e+02
7.134849548339843750e+01 2.710988159179687500e+02
7.961983489990234375e+01 2.721317443847656250e+02
7.227982330322265625e+01 2.872285156250000000e+02
9.252651977539062500e+01 2.638903961181640625e+02
7.890773773193359375e+01 2.793491973876953125e+02
8.795992279052734375e+01 2.711807250976562500e+02
8.341004180908203125e+01 2.941387863159179688e+02
6.688699340820312500e+01 2.791442108154296875e+02
7.638702392578125000e+01 2.757307357788085938e+02
6.569696807861328125e+01 2.903684539794921875e+02
8.252561187744140625e+01 2.672677459716796875e+02
7.455205535888671875e+01 2.793526535034179688e+02
7.963601684570312500e+01 2.860237350463867188e+02
6.540416717529296875e+01 2.641032409667968750e+02
8.263747406005859375e+01 2.902522811889648438e+02
6.989414215087890625e+01 3.008101348876953125e+02
6.699633026123046875e+01 2.376342697143554688e+02
8.432847595214843750e+01 2.693239288330078125e+02
9.055538940429687500e+01 2.763402709960937500e+02
6.891806793212890625e+01 2.687748641967773438e+02
6.662427520751953125e+01 2.721336288452148438e+02
6.166642379760742188e+01 2.733548889160156250e+02
7.457621765136718750e+01 2.625844497680664062e+02
7.329776763916015625e+01 2.746309356689453125e+02
7.221594238281250000e+01 2.789145965576171875e+02
7.172982788085937500e+01 2.755966415405273438e+02
6.875751495361328125e+01 2.732952728271484375e+02
6.183913040161132812e+01 2.772713623046875000e+02
7.584861755371093750e+01 2.560399932861328125e+02
7.970667266845703125e+01 2.799434127807617188e+02
6.194831085205078125e+01 2.732275390625000000e+02
7.708274841308593750e+01 2.781549987792968750e+02
7.569581604003906250e+01 2.839644775390625000e+02
7.016213226318359375e+01 2.936296615600585938e+02
6.507682037353515625e+01 2.708927536010742188e+02
7.342111206054687500e+01 2.912970733642578125e+02
5.998947143554687500e+01 2.795070571899414062e+02
7.390573883056640625e+01 2.774203643798828125e+02
7.781508636474609375e+01 2.696047134399414062e+02
7.170624542236328125e+01 2.863721923828125000e+02
6.686532592773437500e+01 2.503672790527343750e+02
6.308541107177734375e+01 2.892288055419921875e+02
6.568798828125000000e+01 2.839037475585937500e+02
6.566429901123046875e+01 2.875860900878906250e+02
6.673320007324218750e+01 2.720387420654296875e+02
6.604060363769531250e+01 2.696865005493164062e+02
6.584014129638671875e+01 2.721875534057617188e+02
7.371240997314453125e+01 2.771548309326171875e+02
9.039281463623046875e+01 2.719484786987304688e+02
7.035207366943359375e+01 2.865493469238281250e+02
8.071939086914062500e+01 2.684056701660156250e+02
7.319725036621093750e+01 2.763537597656250000e+02
7.338711547851562500e+01 2.729513931274414062e+02
8.725759124755859375e+01 2.792309951782226562e+02
7.664134216308593750e+01 1.032678833007812500e+02
5.746030426025390625e+01 2.857237319946289062e+02
7.155228424072265625e+01 2.707681198120117188e+02
7.163621520996093750e+01 2.849233169555664062e+02
8.409435272216796875e+01 2.738943099975585938e+02
8.661180877685546875e+01 2.695495071411132812e+02
6.831613922119140625e+01 2.876336975097656250e+02
6.409082794189453125e+01 2.756971511840820312e+02
8.469792938232421875e+01 2.788591537475585938e+02
7.429570007324218750e+01 2.728101196289062500e+02
7.212213897705078125e+01 2.738860244750976562e+02
6.179615020751953125e+01 2.821932296752929688e+02
7.313444519042968750e+01 2.604364318847656250e+02
6.307025527954101562e+01 2.925826492309570312e+02
7.152805328369140625e+01 2.677070083618164062e+02
7.838573455810546875e+01 2.849133682250976562e+02
6.523153686523437500e+01 2.998666267395019531e+02
7.611962890625000000e+01 2.717266998291015625e+02
7.422015380859375000e+01 2.916446990966796875e+02
6.161873245239257812e+01 3.005341949462890625e+02
6.467949676513671875e+01 3.089107093811035156e+02
7.669150543212890625e+01 2.929259109497070312e+02
9.170608520507812500e+01 2.669246902465820312e+02
8.403191375732421875e+01 2.699500045776367188e+02
7.164560699462890625e+01 2.672979125976562500e+02
7.435727691650390625e+01 2.828061904907226562e+02
8.106651306152343750e+01 2.699575653076171875e+02
8.598552703857421875e+01 2.839126358032226562e+02
6.699850463867187500e+01 2.546793518066406250e+02
7.866996765136718750e+01 2.687871246337890625e+02
7.718782806396484375e+01 2.693917083740234375e+02
8.045956420898437500e+01 2.758796463012695312e+02
6.834852600097656250e+01 2.811971893310546875e+02
8.234281921386718750e+01 2.772337036132812500e+02
7.529113769531250000e+01 2.814314727783203125e+02
8.145822143554687500e+01 2.718837509155273438e+02
8.209989929199218750e+01 2.655672454833984375e+02
7.575453186035156250e+01 2.751865921020507812e+02
6.439633941650390625e+01 2.698319778442382812e+02
7.665843963623046875e+01 2.708686141967773438e+02
8.628604125976562500e+01 2.704115905761718750e+02
6.624391937255859375e+01 2.653523330688476562e+02
6.712293243408203125e+01 2.731383056640625000e+02
6.792347717285156250e+01 2.733093795776367188e+02
9.107627868652343750e+01 2.790641632080078125e+02
8.676358032226562500e+01 2.712094650268554688e+02
8.753354644775390625e+01 2.564006729125976562e+02
8.651038360595703125e+01 2.587061996459960938e+02
7.511547088623046875e+01 2.741896667480468750e+02
7.764467620849609375e+01 2.649539413452148438e+02
8.935611724853515625e+01 2.518505477905273438e+02
7.840532684326171875e+01 2.847842407226562500e+02
6.953628540039062500e+01 2.917107238769531250e+02
7.275365447998046875e+01 2.690416793823242188e+02
7.760022735595703125e+01 2.772900238037109375e+02
6.976303100585937500e+01 2.778472213745117188e+02
8.096138000488281250e+01 2.673283233642578125e+02
7.493120574951171875e+01 2.652054748535156250e+02
7.452165985107421875e+01 2.972846794128417969e+02
7.909027099609375000e+01 3.004371833801269531e+02
7.677310180664062500e+01 2.578494491577148438e+02
7.733545684814453125e+01 2.558733596801757812e+02
6.129084396362304688e+01 2.807036361694335938e+02
7.209896850585937500e+01 2.659416961669921875e+02
8.547641754150390625e+01 2.706582031250000000e+02
8.008088684082031250e+01 2.801077346801757812e+02
6.750127410888671875e+01 2.619363021850585938e+02
7.150652313232421875e+01 2.667598953247070312e+02
7.942453002929687500e+01 2.732631912231445312e+02
7.008106994628906250e+01 2.847087402343750000e+02
6.443334197998046875e+01 2.620346755981445312e+02
8.789552307128906250e+01 2.696600799560546875e+02
8.358306884765625000e+01 2.639053115844726562e+02
8.389202117919921875e+01 2.759785995483398438e+02
7.533203887939453125e+01 2.667792510986328125e+02
6.440647125244140625e+01 2.736219100952148438e+02
6.741046905517578125e+01 2.827725296020507812e+02
7.856636810302734375e+01 2.740177764892578125e+02
8.467916870117187500e+01 8.281770324707031250e+01
1.423346862792968750e+02 7.149898529052734375e+01
9.114040374755859375e+01 8.540434265136718750e+01
8.096363830566406250e+01 2.551843185424804688e+02
6.981227874755859375e+01 2.732966384887695312e+02
8.433670806884765625e+01 2.957658843994140625e+02
6.822885894775390625e+01 2.645070724487304688e+02
7.300413513183593750e+01 2.696288833618164062e+02
7.559653472900390625e+01 2.851270065307617188e+02
7.501955413818359375e+01 2.685993499755859375e+02
7.342356109619140625e+01 2.691342086791992188e+02
7.290709686279296875e+01 2.926324005126953125e+02
7.496864318847656250e+01 2.588966293334960938e+02
5.955771255493164062e+01 2.746840515136718750e+02
6.857426452636718750e+01 2.730032653808593750e+02
6.132422256469726562e+01 2.784029769897460938e+02
8.712162017822265625e+01 2.745707778930664062e+02
6.586583709716796875e+01 2.732027435302734375e+02
7.947594451904296875e+01 2.608986282348632812e+02
7.105107879638671875e+01 2.644227905273437500e+02
8.935671997070312500e+01 2.758533706665039062e+02
7.703841400146484375e+01 2.705289382934570312e+02
7.006715393066406250e+01 2.728912124633789062e+02
7.270230865478515625e+01 2.784375991821289062e+02
7.496148681640625000e+01 2.597259674072265625e+02
7.835054779052734375e+01 2.782886657714843750e+02
6.227452468872070312e+01 2.948132019042968750e+02
7.382861328125000000e+01 2.858259048461914062e+02
6.266433334350585938e+01 2.802646026611328125e+02
6.092300415039062500e+01 2.961955032348632812e+02
5.975578689575195312e+01 2.870199050903320312e+02
7.315198516845703125e+01 2.767281875610351562e+02
6.685055541992187500e+01 2.863983001708984375e+02
7.806790924072265625e+01 2.830273056030273438e+02
6.751051330566406250e+01 2.748849182128906250e+02
7.002919006347656250e+01 2.608069076538085938e+02
7.154345703125000000e+01 2.731956100463867188e+02
7.159336090087890625e+01 2.601325378417968750e+02
6.674954986572265625e+01 2.835010757446289062e+02
8.147680664062500000e+01 2.606660614013671875e+02
7.971548461914062500e+01 2.724707565307617188e+02
7.408818054199218750e+01 2.764138183593750000e+02
7.283296966552734375e+01 2.819125061035156250e+02
7.630343627929687500e+01 2.612301559448242188e+02
7.584336090087890625e+01 2.830642929077148438e+02
6.607044982910156250e+01 2.639523620605468750e+02
5.871557998657226562e+01 2.715119628906250000e+02
7.854865264892578125e+01 2.711582260131835938e+02
6.955844879150390625e+01 2.725869369506835938e+02
5.427714157104492188e+01 2.646949081420898438e+02
8.387752532958984375e+01 2.743398590087890625e+02
6.451957702636718750e+01 2.666797866821289062e+02
7.038193511962890625e+01 2.545960006713867188e+02
6.982350158691406250e+01 2.724008865356445312e+02
6.576386260986328125e+01 2.898820419311523438e+02
7.853310394287109375e+01 2.817340316772460938e+02
7.474656677246093750e+01 2.884105758666992188e+02
6.408815765380859375e+01 2.793008270263671875e+02
6.275237655639648438e+01 2.849102478027343750e+02
6.932891845703125000e+01 2.693538589477539062e+02
7.392229461669921875e+01 2.700187759399414062e+02
6.858670043945312500e+01 2.793756942749023438e+02
7.041658782958984375e+01 2.798489151000976562e+02
6.279969024658203125e+01 2.762985076904296875e+02
6.951171875000000000e+01 2.723749084472656250e+02
6.187965011596679688e+01 2.965301475524902344e+02
5.752383041381835938e+01 2.873118591308593750e+02
5.939991378784179688e+01 2.848173446655273438e+02
6.014853286743164062e+01 2.705587997436523438e+02
7.456880187988281250e+01 2.704953460693359375e+02
7.586780548095703125e+01 2.729248123168945312e+02
8.009108734130859375e+01 2.765024337768554688e+02
7.487532806396484375e+01 2.640327224731445312e+02
6.176444244384765625e+01 2.626680221557617188e+02
7.052516174316406250e+01 2.647053680419921875e+02
6.430382537841796875e+01 2.713476791381835938e+02
8.288471984863281250e+01 2.779763183593750000e+02
6.014027023315429688e+01 2.799436340332031250e+02
6.612625122070312500e+01 2.639413909912109375e+02
7.696677398681640625e+01 2.764713287353515625e+02
7.772210693359375000e+01 2.860743789672851562e+02
7.884065246582031250e+01 2.610241699218750000e+02
6.355430603027343750e+01 2.827195129394531250e+02
6.480778503417968750e+01 2.835589523315429688e+02
7.810956573486328125e+01 2.800494689941406250e+02
7.214419555664062500e+01 2.963429870605468750e+02
6.672666168212890625e+01 2.682555313110351562e+02
6.391899871826171875e+01 2.785723800659179688e+02
7.481881713867187500e+01 2.596119842529296875e+02
7.658157348632812500e+01 2.585284500122070312e+02
7.504966735839843750e+01 2.669656906127929688e+02
6.343419265747070312e+01 2.956232147216796875e+02
7.177106475830078125e+01 2.673731842041015625e+02
6.342663955688476562e+01 2.623328018188476562e+02
6.301817703247070312e+01 2.822116851806640625e+02
8.406393432617187500e+01 2.626149520874023438e+02
5.334326934814453125e+01 2.623108139038085938e+02
6.692333984375000000e+01 2.904537582397460938e+02
6.372136688232421875e+01 2.975810012817382812e+02
7.134414672851562500e+01 2.728911819458007812e+02
8.587124633789062500e+01 2.821145629882812500e+02
5.351612472534179688e+01 2.853634262084960938e+02
7.092158508300781250e+01 2.693070678710937500e+02
7.229131317138671875e+01 2.768652877807617188e+02
7.783032989501953125e+01 2.671790084838867188e+02
6.799893951416015625e+01 2.771855163574218750e+02
6.477840423583984375e+01 2.844718780517578125e+02
6.552929687500000000e+01 2.754357070922851562e+02
7.004138946533203125e+01 2.735177993774414062e+02
7.732038879394531250e+01 2.719136734008789062e+02
5.831722259521484375e+01 2.862394638061523438e+02
7.352646636962890625e+01 2.735603790283203125e+02
7.448783111572265625e+01 2.670131607055664062e+02
6.690846252441406250e+01 2.868314819335937500e+02
7.301457977294921875e+01 2.805456237792968750e+02
7.040053558349609375e+01 2.620104293823242188e+02
5.816672897338867188e+01 2.717710876464843750e+02
6.142856979370117188e+01 2.881665039062500000e+02
7.531006622314453125e+01 2.811286087036132812e+02
6.409487915039062500e+01 2.684542236328125000e+02
7.376232910156250000e+01 2.735372924804687500e+02
7.654704284667968750e+01 2.659520797729492188e+02
8.267990875244140625e+01 2.607153549194335938e+02
6.254058456420898438e+01 2.749344024658203125e+02
8.428060150146484375e+01 2.789392852783203125e+02
7.738216400146484375e+01 2.707363052368164062e+02
7.444964599609375000e+01 2.943423385620117188e+02
6.494676208496093750e+01 2.677840805053710938e+02
7.156340026855468750e+01 2.727789764404296875e+02
6.812878417968750000e+01 2.819567947387695312e+02
7.249547576904296875e+01 2.776816024780273438e+02
7.855021667480468750e+01 2.726262130737304688e+02
7.817664337158203125e+01 2.891502838134765625e+02
6.006078720092773438e+01 2.727730102539062500e+02
7.669445037841796875e+01 2.712959976196289062e+02
7.402735137939453125e+01 2.661669921875000000e+02
7.199942779541015625e+01 2.661921310424804688e+02
5.500928115844726562e+01 2.821936798095703125e+02
6.217983627319335938e+01 2.758721618652343750e+02
7.821358489990234375e+01 2.631902770996093750e+02
6.793081665039062500e+01 2.796586837768554688e+02
7.063436126708984375e+01 2.783807754516601562e+02
7.356175231933593750e+01 2.696348648071289062e+02
7.502679443359375000e+01 2.754707870483398438e+02
6.563345336914062500e+01 2.671370391845703125e+02
8.512573242187500000e+01 2.761480178833007812e+02
7.422615051269531250e+01 2.640107498168945312e+02
8.566038513183593750e+01 2.871844635009765625e+02
7.472966766357421875e+01 2.749819641113281250e+02
7.162308502197265625e+01 2.738374099731445312e+02
6.656626892089843750e+01 2.792204589843750000e+02
7.690616607666015625e+01 2.757952117919921875e+02
7.323320770263671875e+01 2.697360916137695312e+02
7.271717834472656250e+01 2.749096527099609375e+02
6.388812637329101562e+01 2.897250518798828125e+02
7.567441558837890625e+01 2.680835189819335938e+02
6.749321746826171875e+01 2.826102523803710938e+02
7.339400482177734375e+01 2.614600296020507812e+02
