8.398288726806640625e+01 -8.449401092529296875e+01
9.015678405761718750e+01 -8.742765045166015625e+01
6.755902862548828125e+01 -8.913446807861328125e+01
8.401634979248046875e+01 -8.066326141357421875e+01
8.537194061279296875e+01 -8.629541015625000000e+01
7.513922119140625000e+01 -8.855480194091796875e+01
7.095319366455078125e+01 -7.547129821777343750e+01
8.092266082763671875e+01 -8.775076293945312500e+01
8.540274047851562500e+01 -8.457948303222656250e+01
7.895578765869140625e+01 -9.229391479492187500e+01
8.977194976806640625e+01 -1.043486938476562500e+02
9.158839416503906250e+01 -9.109646606445312500e+01
8.548746490478515625e+01 -9.512249755859375000e+01
8.650100708007812500e+01 -7.854374694824218750e+01
8.802877807617187500e+01 -9.855054473876953125e+01
7.318926239013671875e+01 -8.524348449707031250e+01
1.746443023681640625e+02 -1.115136871337890625e+02
7.821306610107421875e+01 -8.168459320068359375e+01
8.901796722412109375e+01 -8.956769561767578125e+01
7.494622802734375000e+01 -7.525407409667968750e+01
7.165703582763671875e+01 -8.185556030273437500e+01
6.639620971679687500e+01 -7.734982299804687500e+01
7.313259124755859375e+01 -2.279045867919921875e+02
6.380592346191406250e+01 -1.997932128906250000e+02
8.225863647460937500e+01 -8.432760620117187500e+01
7.572052764892578125e+01 -1.121216812133789062e+02
6.326319122314453125e+01 -8.110908508300781250e+01
7.210575866699218750e+01 -5.485456085205078125e+01
6.600177001953125000e+01 -8.918810272216796875e+01
8.800650024414062500e+01 -8.821545410156250000e+01
8.393176269531250000e+01 -6.272587203979492188e+01
7.846743011474609375e+01 -9.195020294189453125e+01
7.372022247314453125e+01 -8.947146606445312500e+01
6.635093688964843750e+01 -9.047887420654296875e+01
6.412107086181640625e+01 -9.214241027832031250e+01
7.121224212646484375e+01 -9.381079101562500000e+01
6.295510864257812500e+01 -6.919921875000000000e+01
8.208534240722656250e+01 -7.986527252197265625e+01
6.863235473632812500e+01 -8.220035552978515625e+01
6.586566162109375000e+01 -8.958741760253906250e+01
6.615807342529296875e+01 -1.006705856323242188e+02
7.634687042236328125e+01 -8.065686798095703125e+01
6.179807281494140625e+01 -9.029325103759765625e+01
6.584068298339843750e+01 -7.990929412841796875e+01
7.355169677734375000e+01 -1.110000000000000000e+02
6.500233459472656250e+01 -9.718244171142578125e+01
7.180209350585937500e+01 -2.630832519531250000e+02
8.071213531494140625e+01 -2.676689224243164062e+02
6.905572509765625000e+01 -2.425423889160156250e+02
6.676052093505859375e+01 -1.013514404296875000e+02
6.663333892822265625e+01 -1.009716339111328125e+02
6.138099670410156250e+01 -8.885720825195312500e+01
5.404146957397460938e+01 -9.068447113037109375e+01
7.937149047851562500e+01 -8.275187683105468750e+01
6.147198867797851562e+01 -8.577248382568359375e+01
6.226272201538085938e+01 -9.361658477783203125e+01
4.685761642456054688e+01 -9.049539947509765625e+01
6.127450561523437500e+01 -8.720809936523437500e+01
7.611116027832031250e+01 -8.129833984375000000e+01
6.724198150634765625e+01 -8.542897796630859375e+01
6.356401824951171875e+01 -8.500460815429687500e+01
6.702335357666015625e+01 -8.689733123779296875e+01
5.955050659179687500e+01 -8.260384368896484375e+01
6.599022674560546875e+01 -9.468426513671875000e+01
6.337479019165039062e+01 -1.152489700317382812e+02
6.184096145629882812e+01 -7.812230682373046875e+01
6.720004272460937500e+01 -1.128751144409179688e+02
5.511861419677734375e+01 -1.041297836303710938e+02
6.217627334594726562e+01 -7.099296569824218750e+01
7.653464508056640625e+01 -1.042612228393554688e+02
7.732083129882812500e+01 -9.562468719482421875e+01
6.216060256958007812e+01 -7.515753173828125000e+01
6.868019104003906250e+01 -8.822930145263671875e+01
7.049816131591796875e+01 -9.141239929199218750e+01
6.544381713867187500e+01 -8.625086212158203125e+01
7.507253265380859375e+01 -9.292816162109375000e+01
6.061825561523437500e+01 -6.505895996093750000e+01
6.268902587890625000e+01 -7.750570678710937500e+01
7.691572570800781250e+01 -1.013614578247070312e+02
7.161593627929687500e+01 -8.731958007812500000e+01
6.099694061279296875e+01 -7.597211456298828125e+01
7.422917938232421875e+01 -7.811820983886718750e+01
5.559442901611328125e+01 -8.521173095703125000e+01
7.786299133300781250e+01 -8.739705657958984375e+01
7.414552307128906250e+01 -8.008740234375000000e+01
7.128919982910156250e+01 -9.717537689208984375e+01
8.059048461914062500e+01 -7.469153594970703125e+01
6.979828643798828125e+01 -9.716222381591796875e+01
6.948034667968750000e+01 -8.828639221191406250e+01
7.092993164062500000e+01 -8.871272277832031250e+01
6.609137725830078125e+01 -8.663999176025390625e+01
5.839216995239257812e+01 -9.202327728271484375e+01
7.048921203613281250e+01 -8.240904235839843750e+01
6.537423706054687500e+01 -9.810083770751953125e+01
6.589093780517578125e+01 -9.869857025146484375e+01
6.659087371826171875e+01 -8.801533508300781250e+01
7.935007476806640625e+01 -8.825619506835937500e+01
7.115670013427734375e+01 -7.501088714599609375e+01
7.348739624023437500e+01 -9.762937164306640625e+01
5.848148345947265625e+01 -7.223137664794921875e+01
6.376121902465820312e+01 -1.021000289916992188e+02
7.872562408447265625e+01 -1.081306838989257812e+02
8.762238311767578125e+01 -1.044806900024414062e+02
5.436750793457031250e+01 -9.367330169677734375e+01
7.804041290283203125e+01 -9.976759338378906250e+01
6.446537780761718750e+01 -8.925417327880859375e+01
4.779533004760742188e+01 -7.456737518310546875e+01
8.612172698974609375e+01 -1.193331832885742188e+02
7.711717987060546875e+01 -9.693370819091796875e+01
7.801860046386718750e+01 -9.443029785156250000e+01
7.922336578369140625e+01 -7.700330352783203125e+01
7.435664367675781250e+01 -9.010069274902343750e+01
6.223115158081054688e+01 -9.066452026367187500e+01
5.093407821655273438e+01 -8.542176818847656250e+01
6.747283935546875000e+01 -9.080596160888671875e+01
6.899788665771484375e+01 -8.852160644531250000e+01
5.774860000610351562e+01 -9.099188232421875000e+01
7.167026519775390625e+01 -9.843975830078125000e+01
7.179785156250000000e+01 -7.855281066894531250e+01
6.088409805297851562e+01 -5.805459976196289062e+01
7.404107666015625000e+01 -8.911679840087890625e+01
6.586827087402343750e+01 -9.249816894531250000e+01
6.637348175048828125e+01 -7.224983978271484375e+01
6.867928314208984375e+01 -1.046510543823242188e+02
6.779286956787109375e+01 -6.429291534423828125e+01
6.580634307861328125e+01 -8.547692871093750000e+01
7.099270629882812500e+01 -8.491036224365234375e+01
7.339067840576171875e+01 -8.967471313476562500e+01
6.949497222900390625e+01 -8.916361236572265625e+01
7.117347717285156250e+01 -1.019261016845703125e+02
7.203300476074218750e+01 -8.502203369140625000e+01
7.149227905273437500e+01 -1.027292785644531250e+02
7.144546508789062500e+01 -8.874106597900390625e+01
6.855147552490234375e+01 -7.926467132568359375e+01
7.741139221191406250e+01 -7.972051239013671875e+01
7.662181091308593750e+01 -8.301045227050781250e+01
6.216859054565429688e+01 -8.307575225830078125e+01
6.817102050781250000e+01 -9.441097259521484375e+01
7.812211608886718750e+01 -9.597817993164062500e+01
5.235509109497070312e+01 -1.182298355102539062e+02
6.716640472412109375e+01 -6.930257415771484375e+01
6.000681686401367188e+01 -8.437615203857421875e+01
6.165364456176757812e+01 -9.832976531982421875e+01
6.295980453491210938e+01 -8.860006713867187500e+01
8.567044830322265625e+01 -9.279103851318359375e+01
7.651415252685546875e+01 -1.131455917358398438e+02
5.492145156860351562e+01 -8.218665313720703125e+01
7.420614624023437500e+01 -9.016128540039062500e+01
6.520936584472656250e+01 -1.044850845336914062e+02
8.357084655761718750e+01 -8.340898132324218750e+01
6.963051605224609375e+01 -1.021297454833984375e+02
6.684481048583984375e+01 -9.749678802490234375e+01
7.279065704345703125e+01 -9.169024658203125000e+01
5.455096054077148438e+01 -8.655657196044921875e+01
7.611710357666015625e+01 -9.652351379394531250e+01
8.443605804443359375e+01 -7.082004547119140625e+01
6.651940155029296875e+01 -1.010384826660156250e+02
6.606033325195312500e+01 -9.321657562255859375e+01
6.420269775390625000e+01 -8.936565399169921875e+01
5.649742889404296875e+01 -8.543814849853515625e+01
6.756759643554687500e+01 -9.863137054443359375e+01
6.923719024658203125e+01 -9.207200622558593750e+01
7.527663421630859375e+01 -7.787298583984375000e+01
6.445357513427734375e+01 -6.742804718017578125e+01
6.535915374755859375e+01 -9.540013885498046875e+01
7.390309906005859375e+01 -8.961973571777343750e+01
6.828225708007812500e+01 -9.468655395507812500e+01
7.083010864257812500e+01 -7.683006286621093750e+01
7.119099426269531250e+01 -1.032708969116210938e+02
7.073975372314453125e+01 -1.012311935424804688e+02
7.740931701660156250e+01 -9.114208221435546875e+01
7.314704895019531250e+01 -9.992373657226562500e+01
7.061716461181640625e+01 -8.868222808837890625e+01
6.097615814208984375e+01 -9.994656372070312500e+01
5.771575927734375000e+01 -9.130496215820312500e+01
4.450036239624023438e+01 -9.618775177001953125e+01
8.482685089111328125e+01 -1.158059844970703125e+02
6.313941192626953125e+01 -8.363018798828125000e+01
7.326821136474609375e+01 -1.090703125000000000e+02
6.495769500732421875e+01 -9.441886138916015625e+01
7.525135040283203125e+01 -9.467999267578125000e+01
6.765398406982421875e+01 -9.121156311035156250e+01
6.258033752441406250e+01 -7.915249633789062500e+01
7.367859649658203125e+01 -7.869116973876953125e+01
6.146802520751953125e+01 -7.543869018554687500e+01
6.645943450927734375e+01 -1.004066467285156250e+02
7.065963745117187500e+01 -7.967874145507812500e+01
6.870565032958984375e+01 -8.645009613037109375e+01
8.486798858642578125e+01 -9.175617218017578125e+01
7.577284240722656250e+01 -9.941756439208984375e+01
6.979454803466796875e+01 -9.285130310058593750e+01
8.218975067138671875e+01 -1.195185317993164062e+02
7.075225067138671875e+01 -9.668629455566406250e+01
6.208470535278320312e+01 -8.958749389648437500e+01
5.785838317871093750e+01 -7.706788635253906250e+01
6.398872375488281250e+01 -8.092811584472656250e+01
7.168725585937500000e+01 -7.788555908203125000e+01
6.335224914550781250e+01 -7.976080322265625000e+01
7.127433776855468750e+01 -8.080174255371093750e+01
7.213320159912109375e+01 -8.191522216796875000e+01
7.395781707763671875e+01 -7.757518005371093750e+01
7.880779266357421875e+01 -8.387490844726562500e+01
4.809132003784179688e+01 -9.383485412597656250e+01
5.972683334350585938e+01 -7.912600708007812500e+01
6.900624847412109375e+01 -8.535221099853515625e+01
7.651486206054687500e+01 -8.417134857177734375e+01
6.015973281860351562e+01 -9.240653991699218750e+01
6.793296813964843750e+01 -8.898449707031250000e+01
7.132554626464843750e+01 -9.526686859130859375e+01
6.068015289306640625e+01 -8.931362152099609375e+01
7.524921417236328125e+01 -9.213574981689453125e+01
5.690050506591796875e+01 -7.493540954589843750e+01
7.747679138183593750e+01 -9.750326538085937500e+01
8.530667114257812500e+01 -8.704828643798828125e+01
5.970022201538085938e+01 -9.083562469482421875e+01
8.053511810302734375e+01 -8.409674835205078125e+01
7.260263061523437500e+01 -9.877039337158203125e+01
8.057131195068359375e+01 -9.118254852294921875e+01
6.899546813964843750e+01 -1.095860824584960938e+02
7.578871917724609375e+01 -9.586412048339843750e+01
6.681804656982421875e+01 -9.751082611083984375e+01
7.795914459228515625e+01 -9.810096740722656250e+01
5.351027297973632812e+01 -9.497383117675781250e+01
7.011231231689453125e+01 -8.643472290039062500e+01
6.376444244384765625e+01 -9.132452392578125000e+01
7.669171905517578125e+01 -7.219566345214843750e+01
6.387279510498046875e+01 -5.067647552490234375e+01
7.388832092285156250e+01 -7.782621002197265625e+01
7.324353027343750000e+01 -8.132948303222656250e+01
5.858261108398437500e+01 -8.862017059326171875e+01
6.950260925292968750e+01 -9.759892272949218750e+01
7.580579376220703125e+01 -9.285179901123046875e+01
7.584690856933593750e+01 -9.078471374511718750e+01
7.460373687744140625e+01 -9.199800109863281250e+01
6.729283905029296875e+01 -8.837484741210937500e+01
7.337970733642578125e+01 -9.124542236328125000e+01
6.022232818603515625e+01 -9.146196746826171875e+01
6.871415710449218750e+01 -7.322726440429687500e+01
5.977772521972656250e+01 -9.396974945068359375e+01
4.528581237792968750e+01 -9.382199096679687500e+01
7.642337036132812500e+01 -8.626700592041015625e+01
7.228863525390625000e+01 -8.722478485107421875e+01
5.902806472778320312e+01 -9.003242492675781250e+01
6.610427093505859375e+01 -7.441835784912109375e+01
5.978339767456054688e+01 -8.726040649414062500e+01
5.501285171508789062e+01 -8.119007110595703125e+01
6.483173370361328125e+01 -7.364846038818359375e+01
4.426097869873046875e+01 -8.833730316162109375e+01
7.058725738525390625e+01 -9.764610290527343750e+01
6.670982360839843750e+01 -8.055784606933593750e+01
5.001528930664062500e+01 -9.428488922119140625e+01
7.323679351806640625e+01 -7.562898254394531250e+01
6.748399353027343750e+01 -1.002971649169921875e+02
6.165616989135742188e+01 -1.050782699584960938e+02
8.115844726562500000e+01 -8.632356262207031250e+01
6.832666015625000000e+01 -7.823987579345703125e+01
6.937817382812500000e+01 -7.284394073486328125e+01
7.158358764648437500e+01 -9.688770294189453125e+01
7.736071014404296875e+01 -8.310707092285156250e+01
7.270461273193359375e+01 -9.474827575683593750e+01
7.010588073730468750e+01 -8.139100646972656250e+01
7.807448577880859375e+01 -9.410190582275390625e+01
6.936882019042968750e+01 -7.927765655517578125e+01
7.378108978271484375e+01 -8.808854675292968750e+01
6.539566802978515625e+01 -9.354151153564453125e+01
6.337369155883789062e+01 -6.291019439697265625e+01
6.946061706542968750e+01 -8.645417022705078125e+01
7.822628784179687500e+01 -8.619335937500000000e+01
8.441783142089843750e+01 -1.082922363281250000e+02
7.901375579833984375e+01 -1.056280441284179688e+02
7.575897979736328125e+01 -7.701901245117187500e+01
8.420787048339843750e+01 -8.474205017089843750e+01
7.821750640869140625e+01 -1.096471023559570312e+02
7.957668304443359375e+01 -8.321765899658203125e+01
8.321123504638671875e+01 -8.097515869140625000e+01
6.340943527221679688e+01 -8.988208007812500000e+01
6.052075576782226562e+01 -8.357997894287109375e+01
8.032466888427734375e+01 -9.280282592773437500e+01
8.138912200927734375e+01 -7.994235229492187500e+01
7.220724487304687500e+01 -8.115135955810546875e+01
7.297911834716796875e+01 -9.404933166503906250e+01
7.819281005859375000e+01 -9.396393585205078125e+01
7.119421386718750000e+01 -8.154206085205078125e+01
6.141931915283203125e+01 -8.569757080078125000e+01
7.081055450439453125e+01 -7.787146759033203125e+01
6.925557708740234375e+01 -8.189950561523437500e+01
6.457282257080078125e+01 -9.496155548095703125e+01
6.120101547241210938e+01 -8.438425445556640625e+01
5.547179031372070312e+01 -8.975502777099609375e+01
5.524120330810546875e+01 -1.075913543701171875e+02
5.451010894775390625e+01 -7.968659210205078125e+01
6.250805664062500000e+01 -9.786986541748046875e+01
6.038709259033203125e+01 -8.331851196289062500e+01
5.581944656372070312e+01 -9.539669036865234375e+01
6.252010726928710938e+01 -8.963569641113281250e+01
7.775159454345703125e+01 -1.118322525024414062e+02
6.885575103759765625e+01 -9.168409729003906250e+01
7.112026214599609375e+01 -8.925630950927734375e+01
6.080046463012695312e+01 -9.117754364013671875e+01
7.086692810058593750e+01 -8.204590606689453125e+01
5.743875503540039062e+01 -8.626934814453125000e+01
7.040303802490234375e+01 -8.943479919433593750e+01
7.808032989501953125e+01 -9.929590606689453125e+01
7.085952758789062500e+01 -8.148498535156250000e+01
6.992935943603515625e+01 -8.470446777343750000e+01
6.214499282836914062e+01 -1.068530960083007812e+02
6.250719833374023438e+01 -7.556405639648437500e+01
4.985848999023437500e+01 -7.732285308837890625e+01
6.992437744140625000e+01 -8.969871520996093750e+01
4.848666381835937500e+01 -1.097915802001953125e+02
7.205654907226562500e+01 -9.441564941406250000e+01
7.175910186767578125e+01 -7.993503570556640625e+01
7.478733062744140625e+01 -7.770124053955078125e+01
7.643822479248046875e+01 -9.719325256347656250e+01
5.739147567749023438e+01 -9.974858856201171875e+01
7.469429016113281250e+01 -8.383836364746093750e+01
6.006184387207031250e+01 -8.182376861572265625e+01
7.406783294677734375e+01 -7.863478088378906250e+01
7.734772491455078125e+01 -1.176260986328125000e+02
7.059874725341796875e+01 -9.913367462158203125e+01
7.912757110595703125e+01 -1.055328292846679688e+02
7.615364074707031250e+01 -1.020597763061523438e+02
7.269290924072265625e+01 -1.060717468261718750e+02
8.025286102294921875e+01 -8.021432495117187500e+01
8.222097015380859375e+01 -8.921768188476562500e+01
7.377007293701171875e+01 -9.975852966308593750e+01
7.225022125244140625e+01 -1.064349822998046875e+02
6.444468688964843750e+01 -8.506583404541015625e+01
8.025766754150390625e+01 -8.459235382080078125e+01
7.883776855468750000e+01 -1.179962539672851562e+02
7.302293395996093750e+01 -1.045711212158203125e+02
7.346198272705078125e+01 -8.173785400390625000e+01
7.282389831542968750e+01 -8.842983245849609375e+01
6.264133071899414062e+01 -1.011569595336914062e+02
8.982598114013671875e+01 -1.110774154663085938e+02
7.677220153808593750e+01 -8.582671356201171875e+01
6.668894195556640625e+01 -9.701176452636718750e+01
6.139023971557617188e+01 -1.027562713623046875e+02
5.609085083007812500e+01 -7.323371887207031250e+01
4.679972076416015625e+01 -8.937866210937500000e+01
7.940864562988281250e+01 -8.674790954589843750e+01
6.976869964599609375e+01 -1.199689636230468750e+02
6.207267379760742188e+01 -7.197371673583984375e+01
5.901794052124023438e+01 -8.170586395263671875e+01
6.253104019165039062e+01 -7.609616088867187500e+01
7.085645294189453125e+01 -8.898404693603515625e+01
6.745460510253906250e+01 -1.023336715698242188e+02
8.023238372802734375e+01 -6.983225250244140625e+01
8.194522857666015625e+01 -8.186592102050781250e+01
7.202632141113281250e+01 -8.597605133056640625e+01
6.496697998046875000e+01 -7.943198394775390625e+01
6.000295257568359375e+01 -1.963047485351562500e+02
6.884084320068359375e+01 -2.677400283813476562e+02
6.899271392822265625e+01 -7.506835174560546875e+01
7.655818939208984375e+01 -7.845180511474609375e+01
6.272333145141601562e+01 -1.049698104858398438e+02
7.960787200927734375e+01 -1.039127273559570312e+02
6.309516906738281250e+01 -8.639544677734375000e+01
5.889409637451171875e+01 -6.188497543334960938e+01
5.420364761352539062e+01 -9.295527648925781250e+01
6.925402832031250000e+01 -9.169989776611328125e+01
7.413763427734375000e+01 -9.458798217773437500e+01
7.687863159179687500e+01 -8.900524902343750000e+01
7.287800598144531250e+01 -1.084826431274414062e+02
6.474379730224609375e+01 -7.176318359375000000e+01
5.589346694946289062e+01 -6.177648544311523438e+01
6.530463409423828125e+01 -1.933308410644531250e+02
7.727843475341796875e+01 -2.161638183593750000e+02
6.454821014404296875e+01 -1.873867340087890625e+02
7.115652465820312500e+01 -2.010426330566406250e+02
5.825156784057617188e+01 -2.175324554443359375e+02
7.452352142333984375e+01 -8.230750274658203125e+01
7.999607849121093750e+01 -4.892144775390625000e+01
7.687250518798828125e+01 -3.522665786743164062e+01
6.163651275634765625e+01 -1.938076782226562500e+02
6.150553131103515625e+01 -2.005214691162109375e+02
6.951336669921875000e+01 -2.029094848632812500e+02
5.758224487304687500e+01 -2.236120147705078125e+02
6.952761077880859375e+01 -2.076334381103515625e+02
6.730351257324218750e+01 -1.949445190429687500e+02
5.853360366821289062e+01 -2.019382934570312500e+02
6.349629592895507812e+01 -1.904005432128906250e+02
7.126648712158203125e+01 -2.373320693969726562e+02
5.958051681518554688e+01 -2.090272369384765625e+02
6.155575942993164062e+01 -2.031193084716796875e+02
7.338269042968750000e+01 -2.027170410156250000e+02
5.021595382690429688e+01 -1.917482452392578125e+02
6.442018890380859375e+01 -1.885703735351562500e+02
6.683281707763671875e+01 -1.941061706542968750e+02
7.824008941650390625e+01 -2.092744750976562500e+02
6.040676116943359375e+01 -2.069380950927734375e+02
8.241870880126953125e+01 -2.021489715576171875e+02
7.389562988281250000e+01 -2.081064758300781250e+02
6.383002853393554688e+01 -1.925368499755859375e+02
5.358764648437500000e+01 -1.911606445312500000e+02
5.260547637939453125e+01 -1.731342163085937500e+02
7.290233612060546875e+01 -1.929157562255859375e+02
6.903865814208984375e+01 -2.046774139404296875e+02
7.104697418212890625e+01 -2.137983856201171875e+02
5.621500396728515625e+01 -1.956938934326171875e+02
6.984836578369140625e+01 -1.883523254394531250e+02
7.362990570068359375e+01 -1.880820617675781250e+02
7.487550354003906250e+01 -1.991017608642578125e+02
6.366429138183593750e+01 -1.824990539550781250e+02
6.334025192260742188e+01 -1.831595153808593750e+02
5.673027420043945312e+01 -1.748077239990234375e+02
7.965509796142578125e+01 -2.058021240234375000e+02
6.691497039794921875e+01 -1.756893463134765625e+02
1.998979492187500000e+02 3.659726333618164062e+01
1.752917938232421875e+02 5.107345199584960938e+01
3.057079467773437500e+02 -6.904253387451171875e+01
3.239630088806152344e+02 -4.895940017700195312e+01
3.025609741210937500e+02 -7.877742767333984375e+01
3.182967758178710938e+02 -4.975566864013671875e+01
3.030201416015625000e+02 -2.731077957153320312e+02
2.984420280456542969e+02 -1.386111602783203125e+02
2.969539489746093750e+02 -1.928809204101562500e+02
3.064294586181640625e+02 -6.228209686279296875e+01
2.995879402160644531e+02 -5.889752578735351562e+01
1.953092346191406250e+02 3.337305068969726562e+01
2.650918197631835938e+02 -8.020249176025390625e+01
3.122504348754882812e+02 -3.321926498413085938e+01
2.887002182006835938e+02 5.412791252136230469e+00
3.098301391601562500e+02 -2.471168899536132812e+02
2.910514678955078125e+02 -1.952274017333984375e+02
2.858217010498046875e+02 -1.450055541992187500e+02
2.865631713867187500e+02 -1.654144592285156250e+02
2.926905059814453125e+02 -1.896999664306640625e+02
2.890762100219726562e+02 -2.812210922241210938e+02
2.888741302490234375e+02 -2.730745925903320312e+02
2.883555831909179688e+02 -1.645508575439453125e+02
2.700779647827148438e+02 -1.488905639648437500e+02
2.935863494873046875e+02 -1.851410217285156250e+02
3.009104156494140625e+02 -2.055504455566406250e+02
2.994328956604003906e+02 -1.899663238525390625e+02
2.910799942016601562e+02 -1.872750244140625000e+02
2.922227325439453125e+02 -2.003954772949218750e+02
2.900343704223632812e+02 -2.049347839355468750e+02
2.878904342651367188e+02 -1.855798034667968750e+02
2.893741683959960938e+02 -1.922116394042968750e+02
2.913732376098632812e+02 -2.042060241699218750e+02
2.920032806396484375e+02 -1.950156555175781250e+02
2.883864669799804688e+02 -2.019246673583984375e+02
2.987594261169433594e+02 -1.890634613037109375e+02
2.766132049560546875e+02 -1.725635833740234375e+02
2.794420547485351562e+02 -1.740239562988281250e+02
2.826370697021484375e+02 -1.864172363281250000e+02
2.860939102172851562e+02 -1.761576690673828125e+02
2.835204010009765625e+02 -1.805043334960937500e+02
3.054126777648925781e+02 -1.969808959960937500e+02
2.977534866333007812e+02 -2.041785888671875000e+02
2.836275863647460938e+02 -1.996527862548828125e+02
2.910391616821289062e+02 -1.975725402832031250e+02
2.915233383178710938e+02 -1.848169860839843750e+02
2.872316513061523438e+02 -1.887891845703125000e+02
2.914658889770507812e+02 -1.805852508544921875e+02
2.711653060913085938e+02 -2.082902374267578125e+02
2.841333770751953125e+02 -1.979894866943359375e+02
2.731293411254882812e+02 -1.824331970214843750e+02
2.936734619140625000e+02 -1.848103637695312500e+02
2.788347930908203125e+02 -2.059147033691406250e+02
2.956144866943359375e+02 -1.931647796630859375e+02
2.944830780029296875e+02 -1.890682983398437500e+02
2.950502853393554688e+02 -1.962195892333984375e+02
2.966091690063476562e+02 -1.480230407714843750e+02
2.926387634277343750e+02 -1.870119934082031250e+02
2.790814361572265625e+02 -1.993085174560546875e+02
2.988701019287109375e+02 -2.031380615234375000e+02
2.875583877563476562e+02 -1.974219665527343750e+02
2.912086715698242188e+02 -1.794220275878906250e+02
2.867263259887695312e+02 -2.006637420654296875e+02
2.848591842651367188e+02 -2.029354705810546875e+02
2.925419540405273438e+02 -1.934598541259765625e+02
2.868030242919921875e+02 -1.784960784912109375e+02
3.052027626037597656e+02 -1.901891174316406250e+02
2.911885681152343750e+02 -1.875090026855468750e+02
2.946578063964843750e+02 -1.906651611328125000e+02
2.815259246826171875e+02 -1.804218750000000000e+02
2.882555084228515625e+02 -2.083348999023437500e+02
2.915516967773437500e+02 -1.930666961669921875e+02
2.829727172851562500e+02 -1.913922271728515625e+02
2.844110794067382812e+02 -1.658780822753906250e+02
2.861851425170898438e+02 -1.751079711914062500e+02
2.841943893432617188e+02 -1.918957672119140625e+02
2.828621902465820312e+02 -1.987306976318359375e+02
2.888769454956054688e+02 -1.817949829101562500e+02
2.786394424438476562e+02 -1.810713653564453125e+02
2.902850265502929688e+02 -2.032367248535156250e+02
2.679458847045898438e+02 -2.043690643310546875e+02
2.874358825683593750e+02 -1.859961090087890625e+02
2.899836654663085938e+02 -1.900628356933593750e+02
2.778802795410156250e+02 -1.755570220947265625e+02
2.926037673950195312e+02 -1.891928100585937500e+02
3.022902870178222656e+02 -1.889167022705078125e+02
3.000630569458007812e+02 -1.915122680664062500e+02
2.770047760009765625e+02 -1.884540557861328125e+02
2.946863403320312500e+02 -1.938986968994140625e+02
2.804701614379882812e+02 -1.883460693359375000e+02
2.844919281005859375e+02 -1.809293212890625000e+02
2.987277526855468750e+02 -1.940723266601562500e+02
2.851055297851562500e+02 -1.959518890380859375e+02
2.907106399536132812e+02 -2.004477996826171875e+02
2.704225616455078125e+02 -1.929109802246093750e+02
2.993934211730957031e+02 -2.095086059570312500e+02
2.927521209716796875e+02 -1.788651733398437500e+02
2.867734832763671875e+02 -1.942329406738281250e+02
2.956910400390625000e+02 -1.933647003173828125e+02
2.956647186279296875e+02 -1.950518188476562500e+02
2.906542663574218750e+02 -2.119707336425781250e+02
2.888163299560546875e+02 -2.177470550537109375e+02
2.960030174255371094e+02 -2.002625732421875000e+02
2.990742225646972656e+02 -1.892996215820312500e+02
2.932051239013671875e+02 -1.964436492919921875e+02
3.009343261718750000e+02 -1.876643218994140625e+02
2.893894882202148438e+02 -1.916523132324218750e+02
2.866147994995117188e+02 -2.208618621826171875e+02
2.888757171630859375e+02 -1.795175170898437500e+02
2.888971099853515625e+02 -1.992299499511718750e+02
2.921006927490234375e+02 -1.683098602294921875e+02
2.988935928344726562e+02 -1.806607513427734375e+02
2.944655914306640625e+02 -1.861510925292968750e+02
2.976801567077636719e+02 -1.911204833984375000e+02
2.932408599853515625e+02 -1.924836425781250000e+02
2.864094696044921875e+02 -2.035748291015625000e+02
2.819136199951171875e+02 -1.995858306884765625e+02
2.890831298828125000e+02 -1.699716339111328125e+02
2.990655632019042969e+02 -1.913095550537109375e+02
2.947565078735351562e+02 -1.777274627685546875e+02
2.950877990722656250e+02 -1.927684020996093750e+02
3.067898025512695312e+02 -1.815287933349609375e+02
2.981100273132324219e+02 -1.558674621582031250e+02
2.935768356323242188e+02 -1.831865539550781250e+02
3.059980659484863281e+02 -1.947244567871093750e+02
2.990994262695312500e+02 -1.909074401855468750e+02
2.857468414306640625e+02 -1.789746856689453125e+02
2.974439430236816406e+02 -1.782831268310546875e+02
2.979126129150390625e+02 -1.883463134765625000e+02
3.010920829772949219e+02 -1.919670410156250000e+02
2.931321792602539062e+02 -1.887302398681640625e+02
2.947392425537109375e+02 -1.845113525390625000e+02
