7.955303192138671875e+01 -9.640977478027343750e+01
7.717874908447265625e+01 -9.046632385253906250e+01
8.592921447753906250e+01 -9.388983154296875000e+01
6.623094940185546875e+01 -7.699797058105468750e+01
8.245041656494140625e+01 -8.220905303955078125e+01
8.139481353759765625e+01 -9.644660949707031250e+01
7.244015502929687500e+01 -1.015101470947265625e+02
7.000958251953125000e+01 -8.443431854248046875e+01
7.325536346435546875e+01 -1.162516174316406250e+02
6.286423873901367188e+01 -8.399478912353515625e+01
9.960329437255859375e+01 8.064485931396484375e+01
7.445426940917968750e+01 -8.965828704833984375e+01
8.036663055419921875e+01 -9.566967773437500000e+01
9.281429290771484375e+01 -1.210827713012695312e+02
6.199735260009765625e+01 -8.484617614746093750e+01
7.218392181396484375e+01 -8.232518768310546875e+01
7.147003936767578125e+01 -1.189851608276367188e+02
6.826505279541015625e+01 -1.069559783935546875e+02
5.941012191772460938e+01 -1.017148666381835938e+02
8.471059417724609375e+01 -8.289537811279296875e+01
1.042642059326171875e+02 -1.097465209960937500e+02
7.169326782226562500e+01 -1.093873596191406250e+02
7.874790191650390625e+01 -8.735568237304687500e+01
7.616347503662109375e+01 -1.129000701904296875e+02
8.474845886230468750e+01 -9.832781219482421875e+01
7.018039703369140625e+01 -5.523403930664062500e+01
8.375334167480468750e+01 -1.003780212402343750e+02
8.847133636474609375e+01 -9.257943725585937500e+01
8.553084564208984375e+01 -8.282842254638671875e+01
8.843720245361328125e+01 -8.491757202148437500e+01
7.635456085205078125e+01 -7.896360778808593750e+01
9.381995391845703125e+01 -8.602511596679687500e+01
8.887355804443359375e+01 -7.900508117675781250e+01
8.632060241699218750e+01 -9.282125091552734375e+01
7.974115753173828125e+01 -8.941674041748046875e+01
8.299824523925781250e+01 -6.939660644531250000e+01
8.954927825927734375e+01 -8.166903686523437500e+01
9.144427490234375000e+01 -8.462680053710937500e+01
1.740659637451171875e+02 -1.002229461669921875e+02
8.178581237792968750e+01 -7.525949096679687500e+01
8.695282745361328125e+01 -7.801023864746093750e+01
1.917444305419921875e+02 4.265755462646484375e+01
1.739801635742187500e+02 6.913056945800781250e+01
1.837069549560546875e+02 4.247387695312500000e+01
1.673671569824218750e+02 5.924178314208984375e+01
1.774711608886718750e+02 7.806474304199218750e+01
1.823591156005859375e+02 1.053010787963867188e+02
1.867868957519531250e+02 8.136309051513671875e+01
1.920113983154296875e+02 4.260158920288085938e+01
1.805952606201171875e+02 5.440446853637695312e+01
1.625272674560546875e+02 8.858469390869140625e+01
1.934358520507812500e+02 5.029855728149414062e+01
1.779215087890625000e+02 5.709897613525390625e+01
1.916832427978515625e+02 7.352597045898437500e+01
1.809697723388671875e+02 7.578121948242187500e+01
1.857016143798828125e+02 2.617676162719726562e+01
1.744011688232421875e+02 7.147031402587890625e+01
1.849103546142578125e+02 6.675156402587890625e+01
1.869139862060546875e+02 6.047198486328125000e+01
1.909149169921875000e+02 4.322203445434570312e+01
1.731105804443359375e+02 4.570359802246093750e+01
1.812196197509765625e+02 7.811002349853515625e+01
1.694169616699218750e+02 7.027488708496093750e+01
1.886698303222656250e+02 7.440953826904296875e+01
1.835394439697265625e+02 7.226826477050781250e+01
1.753239440917968750e+02 5.214706420898437500e+01
1.837319793701171875e+02 4.698434066772460938e+01
1.754655761718750000e+02 4.527875900268554688e+01
1.793356781005859375e+02 6.564302825927734375e+01
1.745941467285156250e+02 7.326014709472656250e+01
1.806763916015625000e+02 5.460888290405273438e+01
1.890591125488281250e+02 4.538756942749023438e+01
1.545644226074218750e+02 9.632697296142578125e+01
1.895140991210937500e+02 3.868365859985351562e+01
1.821475372314453125e+02 5.369073486328125000e+01
1.745781707763671875e+02 7.360585021972656250e+01
1.865671844482421875e+02 7.737702178955078125e+01
1.949327239990234375e+02 8.015428924560546875e+01
1.912261352539062500e+02 1.782551574707031250e+02
1.801500091552734375e+02 6.697968292236328125e+01
1.907845611572265625e+02 7.263453674316406250e+01
1.885516510009765625e+02 1.526429462432861328e+01
1.679711914062500000e+02 1.119975357055664062e+02
1.735307922363281250e+02 6.736077880859375000e+01
1.907819671630859375e+02 7.610375213623046875e+01
1.930735321044921875e+02 6.754924774169921875e+01
1.850984191894531250e+02 7.732022857666015625e+01
1.843140106201171875e+02 6.158148574829101562e+01
1.822980499267578125e+02 9.350542449951171875e+01
1.919024810791015625e+02 3.327863693237304688e+01
1.809146881103515625e+02 7.379476928710937500e+01
1.791063537597656250e+02 5.117149353027343750e+01
1.710094909667968750e+02 9.012410736083984375e+01
2.014327087402343750e+02 7.108049011230468750e+01
1.875794830322265625e+02 4.958647918701171875e+01
1.653885955810546875e+02 8.928207397460937500e+01
1.869131164550781250e+02 6.429688262939453125e+01
1.816552886962890625e+02 7.789897155761718750e+01
1.821655273437500000e+02 7.972282409667968750e+01
1.674327087402343750e+02 8.077143096923828125e+01
1.779449310302734375e+02 7.111401367187500000e+01
1.807038421630859375e+02 5.439292144775390625e+01
1.824847717285156250e+02 6.196616363525390625e+01
1.894838409423828125e+02 5.560333251953125000e+01
1.777875366210937500e+02 9.471874237060546875e+01
1.794114685058593750e+02 6.173729705810546875e+01
1.933421325683593750e+02 6.348502349853515625e+01
1.736685333251953125e+02 5.619403839111328125e+01
1.842227478027343750e+02 5.890838623046875000e+01
1.904160156250000000e+02 3.942442703247070312e+01
1.923704528808593750e+02 6.345915222167968750e+01
1.751015625000000000e+02 9.267726898193359375e+01
1.922704467773437500e+02 3.907221603393554688e+01
1.810413665771484375e+02 6.364418411254882812e+01
1.785123901367187500e+02 8.660455322265625000e+01
1.920597381591796875e+02 4.434417724609375000e+01
1.801344451904296875e+02 8.564231109619140625e+01
1.809492492675781250e+02 5.910144042968750000e+01
1.865031127929687500e+02 6.508113861083984375e+01
1.757613677978515625e+02 6.967227935791015625e+01
1.723291320800781250e+02 7.244015502929687500e+01
1.754133911132812500e+02 7.401942443847656250e+01
1.935631256103515625e+02 5.038757705688476562e+01
1.986903076171875000e+02 3.402403259277343750e+01
1.797813568115234375e+02 6.934825134277343750e+01
1.801308135986328125e+02 7.138426208496093750e+01
1.738177337646484375e+02 9.155480957031250000e+01
1.956652374267578125e+02 2.931957817077636719e+01
2.005284576416015625e+02 6.288549423217773438e+01
2.004206848144531250e+02 7.010300445556640625e+01
1.834165039062500000e+02 6.216344451904296875e+01
1.759303131103515625e+02 7.953510284423828125e+01
1.859849548339843750e+02 7.118115997314453125e+01
1.712825622558593750e+02 8.049085235595703125e+01
1.849157867431640625e+02 7.665933227539062500e+01
1.791185913085937500e+02 4.830599975585937500e+01
1.808316040039062500e+02 7.037564086914062500e+01
1.828224334716796875e+02 6.873359680175781250e+01
2.033206024169921875e+02 4.035780715942382812e+01
1.803938140869140625e+02 5.055281066894531250e+01
1.749554138183593750e+02 4.486296081542968750e+01
1.734000701904296875e+02 6.237793731689453125e+01
1.709956970214843750e+02 7.167841339111328125e+01
1.789214172363281250e+02 5.309624862670898438e+01
1.738011322021484375e+02 7.871953582763671875e+01
1.753650360107421875e+02 7.214540100097656250e+01
1.848034667968750000e+02 9.127682495117187500e+01
1.944142456054687500e+02 4.492684173583984375e+01
1.712305450439453125e+02 7.933805084228515625e+01
1.830095214843750000e+02 8.513439178466796875e+01
1.851314086914062500e+02 6.447090148925781250e+01
1.802576141357421875e+02 8.787250518798828125e+01
1.725758972167968750e+02 8.012261962890625000e+01
1.850743255615234375e+02 7.488550567626953125e+01
2.005231781005859375e+02 5.883763122558593750e+01
1.809713287353515625e+02 8.603718566894531250e+01
1.753971557617187500e+02 6.025421905517578125e+01
1.730214691162109375e+02 8.092037963867187500e+01
2.033018951416015625e+02 5.974405288696289062e+01
2.037750854492187500e+02 6.231353378295898438e+01
1.921290283203125000e+02 6.109050369262695312e+01
1.985705871582031250e+02 5.115996932983398438e+01
2.026468048095703125e+02 6.345846176147460938e+01
1.882377014160156250e+02 6.600286865234375000e+01
1.703163757324218750e+02 9.848778533935546875e+01
1.872509307861328125e+02 7.391843414306640625e+01
1.937795715332031250e+02 6.976483154296875000e+01
1.711105651855468750e+02 9.375118255615234375e+01
1.790786285400390625e+02 7.468832397460937500e+01
1.805995941162109375e+02 7.099665832519531250e+01
1.702497253417968750e+02 7.029282379150390625e+01
1.884313507080078125e+02 5.069795227050781250e+01
1.802171630859375000e+02 4.594509887695312500e+01
1.810530548095703125e+02 5.604084396362304688e+01
1.771093597412109375e+02 7.127830505371093750e+01
1.748331146240234375e+02 1.020402145385742188e+02
1.566459197998046875e+02 8.369169616699218750e+01
1.840803070068359375e+02 5.925747680664062500e+01
1.769690399169921875e+02 5.809082412719726562e+01
1.735440673828125000e+02 7.004064941406250000e+01
1.847653808593750000e+02 6.184111022949218750e+01
1.734156494140625000e+02 6.762406158447265625e+01
1.800762176513671875e+02 3.964336776733398438e+01
1.722294464111328125e+02 6.199447250366210938e+01
1.886174011230468750e+02 4.283116531372070312e+01
1.762679290771484375e+02 4.339046478271484375e+01
1.830921630859375000e+02 5.336156845092773438e+01
1.707660675048828125e+02 6.534811401367187500e+01
1.811480102539062500e+02 6.258977890014648438e+01
1.710470275878906250e+02 5.374495697021484375e+01
1.863253326416015625e+02 5.974996948242187500e+01
1.907263031005859375e+02 6.088167953491210938e+01
1.939494018554687500e+02 3.734355926513671875e+01
1.834774932861328125e+02 7.561477661132812500e+01
1.809909362792968750e+02 7.535091400146484375e+01
1.975248565673828125e+02 5.170393371582031250e+01
1.954913940429687500e+02 5.728569412231445312e+01
1.810322113037109375e+02 5.152474594116210938e+01
1.830155944824218750e+02 9.907238769531250000e+01
1.587332305908203125e+02 9.884174346923828125e+01
1.782579345703125000e+02 6.964050292968750000e+01
1.661829986572265625e+02 4.053841018676757812e+01
1.876831512451171875e+02 7.355658721923828125e+01
1.620621948242187500e+02 1.028674392700195312e+02
1.976533050537109375e+02 5.834201812744140625e+01
1.813468322753906250e+02 5.753989791870117188e+01
1.798366241455078125e+02 6.069638442993164062e+01
1.860188446044921875e+02 6.892597961425781250e+01
1.804499511718750000e+02 6.249318313598632812e+01
1.794832458496093750e+02 7.093520355224609375e+01
1.772982177734375000e+02 6.663037872314453125e+01
1.799199523925781250e+02 6.619747924804687500e+01
1.758567047119140625e+02 7.794877624511718750e+01
1.752234039306640625e+02 6.875159454345703125e+01
1.769194793701171875e+02 6.572633361816406250e+01
1.910381164550781250e+02 6.323983383178710938e+01
1.688643188476562500e+02 9.113263702392578125e+01
1.613487243652343750e+02 9.671241760253906250e+01
1.756179809570312500e+02 6.970753479003906250e+01
1.650933685302734375e+02 6.691320800781250000e+01
1.960121459960937500e+02 1.048951492309570312e+02
1.860086059570312500e+02 6.567301940917968750e+01
1.880169372558593750e+02 6.456893920898437500e+01
1.742354583740234375e+02 8.364187622070312500e+01
1.774245910644531250e+02 6.935218048095703125e+01
2.083215179443359375e+02 6.712469482421875000e+01
1.795090179443359375e+02 8.433637237548828125e+01
1.726894683837890625e+02 5.989944458007812500e+01
1.847776794433593750e+02 5.477727127075195312e+01
1.804913177490234375e+02 6.671227264404296875e+01
1.930026855468750000e+02 4.442506027221679688e+01
1.828003082275390625e+02 6.799626922607421875e+01
1.906895141601562500e+02 6.423999786376953125e+01
1.679131622314453125e+02 8.625028991699218750e+01
1.800577392578125000e+02 5.614254760742187500e+01
1.703633728027343750e+02 7.234137725830078125e+01
1.902157897949218750e+02 6.214648818969726562e+01
1.933788909912109375e+02 6.687389373779296875e+01
1.785415954589843750e+02 7.035393524169921875e+01
1.919629974365234375e+02 2.884259033203125000e+01
1.711097564697265625e+02 9.105011749267578125e+01
1.761746063232421875e+02 7.491910552978515625e+01
1.758087005615234375e+02 7.495939636230468750e+01
1.715960845947265625e+02 9.972281646728515625e+01
1.911267242431640625e+02 5.887268447875976562e+01
1.808297729492187500e+02 5.879426574707031250e+01
1.792417602539062500e+02 6.938539123535156250e+01
1.702523498535156250e+02 7.998751068115234375e+01
1.895125579833984375e+02 9.410171508789062500e+01
1.857529449462890625e+02 8.531681060791015625e+01
1.691927795410156250e+02 8.130767059326171875e+01
1.693153991699218750e+02 1.119652099609375000e+02
1.765634307861328125e+02 9.179599761962890625e+01
1.898394927978515625e+02 7.576873016357421875e+01
2.017871704101562500e+02 4.946137619018554688e+01
1.932182769775390625e+02 7.632913208007812500e+01
1.696477661132812500e+02 8.480675506591796875e+01
1.796040954589843750e+02 1.121249389648437500e+02
1.765525207519531250e+02 9.189787292480468750e+01
1.838919372558593750e+02 5.408774948120117188e+01
1.873380432128906250e+02 7.526741027832031250e+01
1.832542419433593750e+02 5.983969879150390625e+01
1.745921478271484375e+02 7.384407043457031250e+01
1.692668304443359375e+02 9.177752685546875000e+01
1.888443450927734375e+02 4.372192382812500000e+01
1.821765441894531250e+02 6.515188598632812500e+01
1.938087158203125000e+02 6.363165283203125000e+01
1.919097900390625000e+02 5.719480514526367188e+01
1.729496765136718750e+02 7.062873077392578125e+01
1.668060302734375000e+02 5.669680023193359375e+01
1.893459014892578125e+02 3.805688858032226562e+01
1.784641723632812500e+02 5.368960952758789062e+01
1.628168334960937500e+02 9.412492370605468750e+01
1.804533538818359375e+02 6.237572860717773438e+01
1.944418487548828125e+02 6.491294860839843750e+01
1.723951263427734375e+02 6.785478973388671875e+01
1.741797332763671875e+02 7.452767944335937500e+01
1.814562072753906250e+02 6.933920288085937500e+01
1.753739318847656250e+02 4.756370162963867188e+01
1.768678436279296875e+02 5.192881393432617188e+01
1.937850341796875000e+02 8.639903259277343750e+01
1.824745483398437500e+02 -9.304422760009765625e+01
1.788316955566406250e+02 -1.153420333862304688e+02
1.666035156250000000e+02 -9.800460815429687500e+01
1.710594635009765625e+02 6.347459030151367188e+01
1.746053619384765625e+02 7.108802032470703125e+01
1.912203216552734375e+02 6.316952133178710938e+01
1.661276550292968750e+02 7.262253570556640625e+01
1.687485046386718750e+02 6.395101547241210938e+01
1.899475708007812500e+02 7.768284606933593750e+01
1.889284667968750000e+02 5.917974853515625000e+01
1.835132751464843750e+02 5.884424591064453125e+01
1.829523162841796875e+02 5.436447525024414062e+01
1.897779388427734375e+02 5.839358520507812500e+01
1.953943023681640625e+02 4.308589553833007812e+01
1.891593322753906250e+02 4.570423126220703125e+01
1.618016510009765625e+02 7.716394805908203125e+01
1.741661834716796875e+02 6.152057647705078125e+01
1.916475830078125000e+02 4.874632263183593750e+01
1.718626861572265625e+02 7.330033874511718750e+01
1.796304016113281250e+02 6.454595184326171875e+01
1.817097930908203125e+02 6.795535278320312500e+01
1.773580322265625000e+02 5.386109924316406250e+01
1.840434722900390625e+02 5.822492980957031250e+01
2.011764984130859375e+02 5.020664215087890625e+01
1.788314514160156250e+02 7.857599639892578125e+01
1.772701416015625000e+02 8.031166076660156250e+01
1.739326324462890625e+02 9.907455444335937500e+01
1.945043945312500000e+02 7.319333648681640625e+01
1.670110321044921875e+02 7.202282714843750000e+01
1.803884277343750000e+02 7.119931793212890625e+01
1.699039001464843750e+02 8.388150787353515625e+01
1.773362274169921875e+02 5.314587783813476562e+01
1.797394256591796875e+02 6.941238403320312500e+01
1.770608062744140625e+02 6.549448394775390625e+01
1.885536193847656250e+02 5.620503616333007812e+01
1.883769836425781250e+02 5.294449615478515625e+01
1.716416473388671875e+02 7.425140380859375000e+01
1.885393218994140625e+02 5.413668441772460938e+01
1.984095764160156250e+02 7.175173187255859375e+01
1.831187286376953125e+02 6.677632904052734375e+01
1.877916564941406250e+02 8.146398925781250000e+01
1.916514739990234375e+02 6.401089477539062500e+01
1.736750946044921875e+02 6.825053405761718750e+01
1.973002014160156250e+02 5.407485198974609375e+01
2.013219909667968750e+02 7.307717132568359375e+01
1.845199279785156250e+02 7.501884460449218750e+01
1.905401458740234375e+02 6.417884063720703125e+01
1.816242675781250000e+02 9.797783660888671875e+01
1.886965026855468750e+02 6.875378417968750000e+01
1.917568206787109375e+02 7.444966125488281250e+01
1.964446105957031250e+02 6.183623886108398438e+01
2.070379943847656250e+02 4.833127593994140625e+01
2.020294036865234375e+02 5.076509857177734375e+01
1.762459716796875000e+02 6.461195373535156250e+01
1.887662048339843750e+02 5.695593643188476562e+01
1.815717468261718750e+02 4.372063446044921875e+01
1.882701873779296875e+02 4.272842407226562500e+01
1.651076812744140625e+02 6.268365097045898438e+01
1.722226867675781250e+02 1.026856307983398438e+02
1.766515502929687500e+02 7.825740814208984375e+01
2.022748413085937500e+02 5.681755065917968750e+01
1.795770111083984375e+02 5.927609252929687500e+01
1.893388671875000000e+02 5.632345581054687500e+01
1.781745758056640625e+02 7.820142364501953125e+01
1.749796600341796875e+02 7.221110534667968750e+01
1.915913085937500000e+02 6.713843536376953125e+01
1.852186889648437500e+02 3.857734680175781250e+01
1.974407806396484375e+02 5.563653564453125000e+01
2.043480529785156250e+02 4.812729644775390625e+01
1.979987182617187500e+02 6.748759460449218750e+01
1.893176422119140625e+02 6.823737335205078125e+01
1.659320831298828125e+02 6.616082000732421875e+01
1.813392486572265625e+02 8.727732086181640625e+01
1.963709869384765625e+02 -9.433502960205078125e+01
1.864193725585937500e+02 1.004804458618164062e+02
1.948037567138671875e+02 5.569178009033203125e+01
1.851287689208984375e+02 6.724524688720703125e+01
1.840197143554687500e+02 9.667694854736328125e+01
1.722617645263671875e+02 6.141128921508789062e+01
1.764044036865234375e+02 8.144013214111328125e+01
2.003864288330078125e+02 7.627496337890625000e+01
1.881607513427734375e+02 5.134751892089843750e+01
1.891445312500000000e+02 8.165234375000000000e+01
1.951963500976562500e+02 5.703225708007812500e+01
1.853877410888671875e+02 6.543770599365234375e+01
1.657303771972656250e+02 6.151319885253906250e+01
1.814292907714843750e+02 5.372985458374023438e+01
1.812031860351562500e+02 7.335266113281250000e+01
1.913969879150390625e+02 7.684894561767578125e+01
1.881172332763671875e+02 3.609184646606445312e+01
1.833493804931640625e+02 6.267906570434570312e+01
1.764314880371093750e+02 5.950054931640625000e+01
2.038169708251953125e+02 5.200350570678710938e+01
1.870469207763671875e+02 6.766897583007812500e+01
1.639727020263671875e+02 9.361227416992187500e+01
1.847725830078125000e+02 7.394659423828125000e+01
1.754657135009765625e+02 6.657422637939453125e+01
1.729136352539062500e+02 6.890371704101562500e+01
1.739824523925781250e+02 6.164636993408203125e+01
1.744982757568359375e+02 8.585965728759765625e+01
1.974712982177734375e+02 6.063733291625976562e+01
1.960968017578125000e+02 4.063449478149414062e+01
1.878236999511718750e+02 7.350675964355468750e+01
1.891464691162109375e+02 3.949099731445312500e+01
1.895538024902343750e+02 5.026898193359375000e+01
1.687317504882812500e+02 5.914295196533203125e+01
1.831426849365234375e+02 5.691852951049804688e+01
1.845587463378906250e+02 7.595077514648437500e+01
1.802396697998046875e+02 7.170254516601562500e+01
1.946636505126953125e+02 4.137701034545898438e+01
1.925606536865234375e+02 4.890804672241210938e+01
1.830153198242187500e+02 8.000724792480468750e+01
1.892980194091796875e+02 9.056465911865234375e+01
1.770354919433593750e+02 7.259989166259765625e+01
1.938060760498046875e+02 4.967989730834960938e+01
1.800372772216796875e+02 6.202164077758789062e+01
1.806530914306640625e+02 8.161477661132812500e+01
1.759570465087890625e+02 7.519332885742187500e+01
2.047033081054687500e+02 4.638000965118408203e+00
1.980554046630859375e+02 4.255247497558593750e+01
1.879219665527343750e+02 5.751343917846679688e+01
1.952765045166015625e+02 6.075918960571289062e+01
1.872952880859375000e+02 6.458293914794921875e+01
1.822001495361328125e+02 5.435280609130859375e+01
1.898867797851562500e+02 3.554194259643554688e+01
1.772680053710937500e+02 7.433042907714843750e+01
1.959468078613281250e+02 4.649182891845703125e+01
1.842880096435546875e+02 6.129270172119140625e+01
1.857628936767578125e+02 6.635912322998046875e+01
1.928381347656250000e+02 4.875404739379882812e+01
1.951192321777343750e+02 5.552960586547851562e+01
1.818737030029296875e+02 6.548497772216796875e+01
1.895227050781250000e+02 6.903410339355468750e+01
1.933256072998046875e+02 7.707045745849609375e+01
1.916843109130859375e+02 6.009206008911132812e+01
1.899953613281250000e+02 5.654814529418945312e+01
1.877108612060546875e+02 6.516136169433593750e+01
1.864692993164062500e+02 6.950576782226562500e+01
1.800525970458984375e+02 7.687606811523437500e+01
1.852655334472656250e+02 5.778244018554687500e+01
1.970714263916015625e+02 5.398943328857421875e+01
1.946819915771484375e+02 5.251739120483398438e+01
1.913998870849609375e+02 3.380691909790039062e+01
1.574972534179687500e+02 8.997541046142578125e+01
1.846393737792968750e+02 6.453810119628906250e+01
1.862182769775390625e+02 6.537911987304687500e+01
1.859419403076171875e+02 6.355528640747070312e+01
1.783157806396484375e+02 7.229359436035156250e+01
1.849450683593750000e+02 6.531386566162109375e+01
1.716239318847656250e+02 8.953101348876953125e+01
1.781288299560546875e+02 9.379834747314453125e+01
1.931400756835937500e+02 7.116656494140625000e+01
1.811609497070312500e+02 8.860494995117187500e+01
2.064387969970703125e+02 5.574697113037109375e+01
1.790796203613281250e+02 6.333923721313476562e+01
1.729116210937500000e+02 6.792685699462890625e+01
1.905210723876953125e+02 3.388931274414062500e+01
1.868072357177734375e+02 7.188652801513671875e+01
1.749309387207031250e+02 8.100301361083984375e+01
1.854946746826171875e+02 7.785015869140625000e+01
1.885732116699218750e+02 6.737635803222656250e+01
1.860961303710937500e+02 6.108815765380859375e+01
1.908035278320312500e+02 6.804148101806640625e+01
1.908417358398437500e+02 4.511497497558593750e+01
1.799960174560546875e+02 7.846969604492187500e+01
2.046833648681640625e+02 3.312202072143554688e+01
1.991892242431640625e+02 8.453770446777343750e+01
1.752491760253906250e+02 7.517665863037109375e+01
1.800991973876953125e+02 5.208701705932617188e+01
1.834671630859375000e+02 7.292871856689453125e+01
1.889439392089843750e+02 4.921335983276367188e+01
2.181949462890625000e+02 5.887080001831054688e+01
1.842121276855468750e+02 6.496720123291015625e+01
1.790928497314453125e+02 4.701309585571289062e+01
1.924909057617187500e+02 3.651767349243164062e+01
1.790005035400390625e+02 6.638146972656250000e+01
1.926016693115234375e+02 6.583912658691406250e+01
1.706556243896484375e+02 7.991239929199218750e+01
1.931370849609375000e+02 5.430671691894531250e+01
1.764842376708984375e+02 6.309936523437500000e+01
1.940955657958984375e+02 5.240365219116210938e+01
1.844304046630859375e+02 9.336199188232421875e+01
1.847360839843750000e+02 7.114976501464843750e+01
1.771132965087890625e+02 6.690550231933593750e+01
1.880769042968750000e+02 6.018414688110351562e+01
1.865937805175781250e+02 9.213986206054687500e+01
1.782861938476562500e+02 8.860214233398437500e+01
1.808956756591796875e+02 6.753504180908203125e+01
1.921164398193359375e+02 7.113576507568359375e+01
1.812275848388671875e+02 1.047643814086914062e+02
1.885086822509765625e+02 8.246754455566406250e+01
1.974288940429687500e+02 -9.903767395019531250e+01
1.819585113525390625e+02 -1.032137145996093750e+02
1.912262573242187500e+02 6.410031127929687500e+01
1.865409851074218750e+02 5.716328430175781250e+01
1.913599548339843750e+02 4.974570083618164062e+01
1.792453155517578125e+02 6.468753814697265625e+01
1.951953125000000000e+02 7.097518920898437500e+01
1.900220947265625000e+02 8.093460083007812500e+01
1.773119812011718750e+02 6.826959228515625000e+01
1.884174804687500000e+02 5.795961761474609375e+01
1.833078308105468750e+02 6.786691284179687500e+01
1.776479339599609375e+02 5.746793365478515625e+01
1.946424865722656250e+02 -1.617957611083984375e+02
1.781774749755859375e+02 -1.191554260253906250e+02
1.811445465087890625e+02 -1.151233825683593750e+02
1.738108062744140625e+02 -1.324534301757812500e+02
1.880930175781250000e+02 -1.095990295410156250e+02
1.839821166992187500e+02 -1.107709426879882812e+02
1.920009307861328125e+02 -1.132148208618164062e+02
1.718752136230468750e+02 -1.226064834594726562e+02
1.811970214843750000e+02 -1.344958038330078125e+02
1.802285308837890625e+02 -9.021418762207031250e+01
1.722554321289062500e+02 -1.140793762207031250e+02
1.724627380371093750e+02 -1.035506515502929688e+02
1.806572723388671875e+02 -1.208384475708007812e+02
1.599732666015625000e+02 -9.778984832763671875e+01
1.831785278320312500e+02 -1.062987289428710938e+02
1.850367889404296875e+02 -1.216123962402343750e+02
1.813493041992187500e+02 -1.103822860717773438e+02
1.756229553222656250e+02 -1.239415664672851562e+02
1.553898315429687500e+02 -1.216613540649414062e+02
1.702270507812500000e+02 -1.272373504638671875e+02
1.786757812500000000e+02 -1.387806701660156250e+02
1.822567596435546875e+02 -1.087718811035156250e+02
1.787716827392578125e+02 -1.094398727416992188e+02
1.706419982910156250e+02 -1.058247146606445312e+02
1.888533630371093750e+02 -1.215005950927734375e+02
1.891702575683593750e+02 -9.510180664062500000e+01
1.757618255615234375e+02 8.608287048339843750e+01
1.913698577880859375e+02 3.450753402709960938e+01
1.949615936279296875e+02 4.013179779052734375e+01
1.945032806396484375e+02 2.129137039184570312e+01
1.822043762207031250e+02 4.628924942016601562e+01
1.813513031005859375e+02 4.992486572265625000e+01
1.757694091796875000e+02 5.472742462158203125e+01
1.681852722167968750e+02 6.281990432739257812e+01
1.809871978759765625e+02 5.891417694091796875e+01
1.694116668701171875e+02 7.472140502929687500e+01
1.749773406982421875e+02 7.013260650634765625e+01
1.885057373046875000e+02 4.858022308349609375e+01
1.870644073486328125e+02 5.851440429687500000e+01
1.709050903320312500e+02 7.355795288085937500e+01
1.870394897460937500e+02 7.203778839111328125e+01
1.780453033447265625e+02 6.705722045898437500e+01
1.978292999267578125e+02 2.244618225097656250e+01
1.685607910156250000e+02 7.856307983398437500e+01
1.581960601806640625e+02 7.062743377685546875e+01
1.893462677001953125e+02 5.582332611083984375e+01
1.894614257812500000e+02 6.794686889648437500e+01
1.960449371337890625e+02 4.219128036499023438e+01
1.798001556396484375e+02 8.587627410888671875e+01
1.784566345214843750e+02 6.163839721679687500e+01
1.937238922119140625e+02 4.353519439697265625e+01
1.793156433105468750e+02 6.485751342773437500e+01
1.841570281982421875e+02 7.052227020263671875e+01
1.781780853271484375e+02 6.882704925537109375e+01
1.820152435302734375e+02 7.425180053710937500e+01
1.737288818359375000e+02 6.088386535644531250e+01
1.871953277587890625e+02 6.509174346923828125e+01
1.803056030273437500e+02 7.441243743896484375e+01
1.807065429687500000e+02 6.095109176635742188e+01
1.779615783691406250e+02 7.791550445556640625e+01
1.914287261962890625e+02 6.856815338134765625e+01
1.900833740234375000e+02 5.651239395141601562e+01
1.752675628662109375e+02 4.986796188354492188e+01
1.764024658203125000e+02 5.349572372436523438e+01
1.845227813720703125e+02 5.491028976440429688e+01
1.807147521972656250e+02 6.374703979492187500e+01
1.681755065917968750e+02 7.447492218017578125e+01
1.874618835449218750e+02 5.271804428100585938e+01
1.613769836425781250e+02 8.436175537109375000e+01
1.780283813476562500e+02 5.470729064941406250e+01
1.784643707275390625e+02 7.522505950927734375e+01
1.729636535644531250e+02 9.570751953125000000e+01
1.791973266601562500e+02 6.824977111816406250e+01
1.770610198974609375e+02 4.038043212890625000e+01
1.827618255615234375e+02 7.573529815673828125e+01
1.790859832763671875e+02 5.570569229125976562e+01
1.830773925781250000e+02 6.038816833496093750e+01
1.772400054931640625e+02 5.097359085083007812e+01
1.885898437500000000e+02 6.327057266235351562e+01
1.736581115722656250e+02 4.248333740234375000e+01
1.707634124755859375e+02 7.338993072509765625e+01
1.832700805664062500e+02 8.252550506591796875e+01
1.670026245117187500e+02 5.069078826904296875e+01
1.798400726318359375e+02 6.395330429077148438e+01
1.785902252197265625e+02 9.777571868896484375e+01
1.840806884765625000e+02 6.996656036376953125e+01
1.758471221923828125e+02 6.241085052490234375e+01
1.668888092041015625e+02 9.426667785644531250e+01
1.845938568115234375e+02 4.997385406494140625e+01
1.971914215087890625e+02 7.453583526611328125e+01
1.853276367187500000e+02 5.227121353149414062e+01
1.682155609130859375e+02 4.961144638061523438e+01
1.746503906250000000e+02 5.869351196289062500e+01
1.859477691650390625e+02 7.612880706787109375e+01
1.825955963134765625e+02 7.734091949462890625e+01
1.925236053466796875e+02 5.748120880126953125e+01
1.588854675292968750e+02 7.347341918945312500e+01
1.677766265869140625e+02 7.483635711669921875e+01
1.848615722656250000e+02 4.963741302490234375e+01
1.735965423583984375e+02 5.554238891601562500e+01
1.753125305175781250e+02 5.486158752441406250e+01
1.723375244140625000e+02 6.785527801513671875e+01
1.791971588134765625e+02 4.482128143310546875e+01
1.838421325683593750e+02 6.721542358398437500e+01
1.873926391601562500e+02 5.996172332763671875e+01
1.674998321533203125e+02 9.631848907470703125e+01
1.742930297851562500e+02 7.966769409179687500e+01
1.722941741943359375e+02 5.449645996093750000e+01
1.667555999755859375e+02 8.222138977050781250e+01
1.648132781982421875e+02 9.365650939941406250e+01
1.835582733154296875e+02 5.233853912353515625e+01
1.956483917236328125e+02 5.569394683837890625e+01
1.784542846679687500e+02 6.840650177001953125e+01
1.776325531005859375e+02 7.213910675048828125e+01
1.691680297851562500e+02 8.297297668457031250e+01
1.917649078369140625e+02 6.187450027465820312e+01
1.916501464843750000e+02 7.806089019775390625e+01
1.943943634033203125e+02 4.381811141967773438e+01
1.749253234863281250e+02 9.966847991943359375e+01
1.672256469726562500e+02 6.136709213256835938e+01
1.763455505371093750e+02 7.633184051513671875e+01
1.732825469970703125e+02 6.058410263061523438e+01
1.783929595947265625e+02 6.656235504150390625e+01
1.855760803222656250e+02 7.300903320312500000e+01
1.897341308593750000e+02 5.182053756713867188e+01
1.686445922851562500e+02 8.164385986328125000e+01
1.790205841064453125e+02 6.469706726074218750e+01
1.859367370605468750e+02 5.377908325195312500e+01
1.886684722900390625e+02 5.272518920898437500e+01
1.661203155517578125e+02 7.422510528564453125e+01
1.785343475341796875e+02 8.574473571777343750e+01
1.789924468994140625e+02 7.615396881103515625e+01
1.856885070800781250e+02 4.568793106079101562e+01
1.636931152343750000e+02 7.829150390625000000e+01
1.882090301513671875e+02 7.216934967041015625e+01
1.638371734619140625e+02 9.369439697265625000e+01
1.788230438232421875e+02 7.430958557128906250e+01
1.838716888427734375e+02 5.635426712036132812e+01
1.772830047607421875e+02 6.541665649414062500e+01
1.731110076904296875e+02 8.050064086914062500e+01
1.764549102783203125e+02 6.124306488037109375e+01
1.846145782470703125e+02 8.254196929931640625e+01
1.695271301269531250e+02 6.142110824584960938e+01
1.873658905029296875e+02 5.627313613891601562e+01
1.771489105224609375e+02 6.204168701171875000e+01
1.663890533447265625e+02 6.846440887451171875e+01
1.670899353027343750e+02 1.000637588500976562e+02
1.821057891845703125e+02 4.997817611694335938e+01
1.823905334472656250e+02 2.511231994628906250e+01
1.821116790771484375e+02 6.883774566650390625e+01
1.701140136718750000e+02 6.451795196533203125e+01
1.801075134277343750e+02 5.976715469360351562e+01
1.545348815917968750e+02 6.410124969482421875e+01
1.827390899658203125e+02 5.574022293090820312e+01
1.783604888916015625e+02 5.195468521118164062e+01
1.646130676269531250e+02 4.927816009521484375e+01
1.894347076416015625e+02 5.204774856567382812e+01
1.785668640136718750e+02 3.374032592773437500e+01
1.834893035888671875e+02 5.018783569335937500e+01
1.784724121093750000e+02 4.227468490600585938e+01
1.729388275146484375e+02 5.735821914672851562e+01
1.717052001953125000e+02 9.027706146240234375e+01
1.851752929687500000e+02 4.606115341186523438e+01
1.707289123535156250e+02 8.084352874755859375e+01
1.674118957519531250e+02 6.781932830810546875e+01
1.822444152832031250e+02 5.682101058959960938e+01
1.851313323974609375e+02 8.510340881347656250e+01
1.659367828369140625e+02 8.341089630126953125e+01
1.886921997070312500e+02 7.280043792724609375e+01
1.930222167968750000e+02 6.214981460571289062e+01
1.814128265380859375e+02 7.703804016113281250e+01
1.852550659179687500e+02 7.027797698974609375e+01
1.770416412353515625e+02 4.701250457763671875e+01
1.869476623535156250e+02 8.558608245849609375e+01
1.693897705078125000e+02 8.082645416259765625e+01
1.856263732910156250e+02 6.234163284301757812e+01
1.692978668212890625e+02 5.946308517456054688e+01
1.816757965087890625e+02 4.251284790039062500e+01
1.655705261230468750e+02 8.044898223876953125e+01
1.845275573730468750e+02 6.831668853759765625e+01
1.714411621093750000e+02 6.822808074951171875e+01
1.752473907470703125e+02 7.151042175292968750e+01
1.691525573730468750e+02 7.508560943603515625e+01
1.734045867919921875e+02 6.752646636962890625e+01
1.633379821777343750e+02 8.296658325195312500e+01
1.597698516845703125e+02 6.542015838623046875e+01
1.754316253662109375e+02 6.783115386962890625e+01
1.535302734375000000e+02 8.995484161376953125e+01
1.832098541259765625e+02 9.543698120117187500e+01
1.828370513916015625e+02 4.326675033569335938e+01
1.790822296142578125e+02 4.357917404174804688e+01
1.886766815185546875e+02 4.392032241821289062e+01
1.649281921386718750e+02 6.815065765380859375e+01
1.669344940185546875e+02 8.508007049560546875e+01
1.879229888916015625e+02 5.829740142822265625e+01
1.778209686279296875e+02 7.694178771972656250e+01
1.895917053222656250e+02 5.030723953247070312e+01
1.848009796142578125e+02 5.793070602416992188e+01
